3154 1 2.194328
5800 1 2.194328
1474 1 0.730000
7648 1 0.730000
1600 1 0.730000
7774 1 1.776128
3448 1 0.730000
6094 1 1.776128
1853 1 0.730273
2294 1 0.733677
2735 1 0.763150
3176 1 0.922096
3617 1 1.421505
4058 1 2.237245
4499 1 2.687777
4940 1 2.237245
5381 1 1.421505
5822 1 0.922096
6263 1 0.763150
6704 1 0.733677
7145 1 0.730273
1874 1 0.730055
2315 1 0.731688
2756 1 0.746661
3197 1 0.836093
3638 1 1.144289
4079 1 1.683898
4520 1 1.993197
4961 1 1.683898
5402 1 1.144289
5843 1 0.836093
6284 1 0.746661
6725 1 0.731688
7166 1 0.730055
1895 1 0.730007
2336 1 0.730219
2777 1 0.733126
6305 1 0.733126
6746 1 0.730219
7187 1 0.730007
1916 1 0.730001
2357 1 0.730018
6767 1 0.730018
7208 1 0.730001
1937 1 0.730000
2378 1 0.730001
6788 1 0.730011
7229 1 0.730016
1958 1 0.730000
2399 1 0.730000
6809 1 0.730259
7250 1 0.730387
1979 1 0.730000
2420 1 0.730000
6830 1 0.734499
7271 1 0.736194
2000 1 0.730000
2441 1 0.730000
6851 1 0.780038
7292 1 0.795222
2021 1 0.730000
2462 1 0.730000
6872 1 1.077323
7313 1 1.174238
2042 1 0.730001
2483 1 0.730000
6893 1 2.222914
7334 1 2.672445
2063 1 0.730007
2504 1 0.730000
2945 1 0.730000
6473 1 2.042072
6914 1 4.733497
7355 1 6.196211
2084 1 0.730055
2525 1 0.730001
2966 1 0.730000
3407 1 0.730000
3848 1 0.730010
4289 1 0.730259
4730 1 0.734499
5171 1 0.780038
5612 1 1.077323
6053 1 2.222914
6494 1 4.733497
6935 1 7.568816
7376 1 10.746623
2105 1 0.730273
2546 1 0.730055
2987 1 0.730007
3428 1 0.730001
3869 1 0.730016
4310 1 0.730387
4751 1 0.736194
5192 1 0.795222
5633 1 1.174238
6074 1 2.672445
6515 1 6.196211
6956 1 10.746623
7397 1 12.920110
1854 1 0.730055
2295 1 0.731688
2736 1 0.746661
3177 1 0.836093
3618 1 1.144289
4059 1 1.683898
4500 1 1.993197
4941 1 1.683898
5382 1 1.144289
5823 1 0.836093
6264 1 0.746661
6705 1 0.731688
7146 1 0.730055
1875 1 0.730001
2316 1 0.730063
2757 1 0.730852
3198 1 0.737017
3639 1 0.763168
4080 1 0.815901
4521 1 0.848365
4962 1 0.815901
5403 1 0.763168
5844 1 0.737017
6285 1 0.730852
6726 1 0.730063
7167 1 0.730001
1896 1 0.730000
2337 1 0.730012
2778 1 0.730354
3219 1 0.733280
3660 1 0.747378
4101 1 0.778849
4542 1 0.799337
4983 1 0.778849
5424 1 0.747378
5865 1 0.733280
6306 1 0.730354
6747 1 0.730012
7188 1 0.730000
1917 1 0.730000
2358 1 0.730001
2799 1 0.730039
3240 1 0.730470
3681 1 0.733027
4122 1 0.739861
4563 1 0.744786
5004 1 0.739861
5445 1 0.733027
5886 1 0.730470
6327 1 0.730039
6768 1 0.730002
7209 1 0.730000
1938 1 0.730000
2379 1 0.730000
2820 1 0.730002
3261 1 0.730032
3702 1 0.730169
4143 1 0.730732
4584 1 0.731230
5025 1 0.730732
5466 1 0.730169
5907 1 0.730033
6348 1 0.730008
6789 1 0.730011
7230 1 0.730010
1959 1 0.730000
2400 1 0.730000
2841 1 0.730000
3282 1 0.730001
3723 1 0.730007
4164 1 0.730018
4605 1 0.730042
5046 1 0.730019
5487 1 0.730014
5928 1 0.730051
6369 1 0.730170
6810 1 0.730278
7251 1 0.730259
1980 1 0.730000
2421 1 0.730000
2862 1 0.730000
3303 1 0.730000
3744 1 0.730000
4185 1 0.730000
4626 1 0.730001
5067 1 0.730016
5508 1 0.730178
5949 1 0.731057
6390 1 0.733207
6831 1 0.734711
7272 1 0.734499
2001 1 0.730000
2442 1 0.730000
2883 1 0.730000
3324 1 0.730000
3765 1 0.730000
4206 1 0.730001
4647 1 0.730016
5088 1 0.730134
5529 1 0.731948
5970 1 0.741915
6411 1 0.765075
6852 1 0.778568
7293 1 0.780038
2022 1 0.730001
2463 1 0.730000
2904 1 0.730000
3345 1 0.730000
3786 1 0.730000
4227 1 0.730007
4668 1 0.730178
5109 1 0.731948
5550 1 0.738591
5991 1 0.797766
6432 1 0.944525
6873 1 1.025781
7314 1 1.077323
2043 1 0.730018
2484 1 0.730001
2925 1 0.730000
3366 1 0.730000
3807 1 0.730001
4248 1 0.730050
4689 1 0.731057
5130 1 0.741915
5571 1 0.797766
6012 1 0.924240
6453 1 1.458265
6894 1 1.784100
7335 1 2.222914
2064 1 0.730219
2505 1 0.730012
2946 1 0.730000
3387 1 0.730000
3828 1 0.730006
4269 1 0.730170
4710 1 0.733207
5151 1 0.765075
5592 1 0.944525
6033 1 1.458265
6474 1 2.132114
6915 1 2.946868
7356 1 4.733497
2085 1 0.731688
2526 1 0.730063
2967 1 0.730012
3408 1 0.730002
3849 1 0.730011
4290 1 0.730278
4731 1 0.734711
5172 1 0.778568
5613 1 1.025781
6054 1 1.784100
6495 1 2.946868
6936 1 3.548739
7377 1 7.568816
2106 1 0.733677
2547 1 0.731688
2988 1 0.730219
3429 1 0.730018
3870 1 0.730011
4311 1 0.730259
4752 1 0.734499
5193 1 0.780038
5634 1 1.077323
6075 1 2.222914
6516 1 4.733497
6957 1 7.568816
7398 1 10.746623
1855 1 0.730007
2296 1 0.730219
2737 1 0.733126
6265 1 0.733126
6706 1 0.730219
7147 1 0.730007
1876 1 0.730000
2317 1 0.730012
2758 1 0.730354
3199 1 0.733280
3640 1 0.747378
4081 1 0.778849
4522 1 0.799337
4963 1 0.778849
5404 1 0.747378
5845 1 0.733280
6286 1 0.730354
6727 1 0.730012
7168 1 0.730000
1897 1 0.730000
2338 1 0.730000
2779 1 0.730005
3220 1 0.730065
3661 1 0.730457
4102 1 0.731535
4543 1 0.732316
4984 1 0.731535
5425 1 0.730457
5866 1 0.730065
6307 1 0.730005
6748 1 0.730000
7189 1 0.730000
2359 1 0.730000
2800 1 0.730001
3241 1 0.730023
3682 1 0.730193
4123 1 0.730738
4564 1 0.731171
5005 1 0.730738
5446 1 0.730193
5887 1 0.730023
6328 1 0.730001
6769 1 0.730000
2380 1 0.730000
2821 1 0.730000
3262 1 0.730002
3703 1 0.730019
4144 1 0.730094
4585 1 0.730166
5026 1 0.730094
5467 1 0.730019
5908 1 0.730003
6349 1 0.730002
6790 1 0.730006
2401 1 0.730000
2842 1 0.730000
3283 1 0.730000
3724 1 0.730001
4165 1 0.730003
4606 1 0.730007
5047 1 0.730004
5488 1 0.730008
5929 1 0.730035
6370 1 0.730064
6811 1 0.730170
2422 1 0.730000
2863 1 0.730000
3304 1 0.730000
3745 1 0.730000
4186 1 0.730000
4627 1 0.730001
5068 1 0.730021
5509 1 0.730185
5950 1 0.730735
6391 1 0.731193
6832 1 0.733207
2443 1 0.730000
2884 1 0.730000
3325 1 0.730000
3766 1 0.730000
4207 1 0.730001
4648 1 0.730021
5089 1 0.730167
5530 1 0.731940
5971 1 0.737798
6412 1 0.741902
6853 1 0.765075
2464 1 0.730002
2905 1 0.730000
3346 1 0.730000
3787 1 0.730000
4228 1 0.730007
4669 1 0.730185
5110 1 0.731940
5551 1 0.737681
5992 1 0.768593
6433 1 0.790940
6874 1 0.944525
2485 1 0.730039
2926 1 0.730001
3367 1 0.730000
3808 1 0.730001
4249 1 0.730035
4690 1 0.730735
5131 1 0.737798
5572 1 0.768593
6013 1 0.819617
6454 1 0.888707
6895 1 1.458265
2065 1 0.733126
2506 1 0.730354
2947 1 0.730005
3388 1 0.730001
3829 1 0.730002
4270 1 0.730064
4711 1 0.731193
5152 1 0.741902
5593 1 0.790940
6034 1 0.888707
6475 1 0.945962
6916 1 2.132114
7357 1 2.042072
2086 1 0.746661
2527 1 0.730852
2968 1 0.730354
3409 1 0.730039
3850 1 0.730008
4291 1 0.730170
4732 1 0.733207
5173 1 0.765075
5614 1 0.944525
6055 1 1.458265
6496 1 2.132114
6937 1 2.946868
7378 1 4.733497
2107 1 0.763150
2548 1 0.746661
2989 1 0.733126
6517 1 2.042072
6958 1 4.733497
7399 1 6.196211
1394 1 0.730000
7568 1 0.730000
1856 1 0.730001
2297 1 0.730018
6707 1 0.730018
7148 1 0.730001
1877 1 0.730000
2318 1 0.730002
2759 1 0.730039
3200 1 0.730470
3641 1 0.733027
4082 1 0.739861
4523 1 0.744786
4964 1 0.739861
5405 1 0.733027
5846 1 0.730470
6287 1 0.730039
6728 1 0.730001
7169 1 0.730000
2339 1 0.730000
2780 1 0.730001
3221 1 0.730023
3662 1 0.730193
4103 1 0.730738
4544 1 0.731171
4985 1 0.730738
5426 1 0.730193
5867 1 0.730023
6308 1 0.730001
6749 1 0.730000
2360 1 0.730000
2801 1 0.730000
3242 1 0.730000
3683 1 0.730002
4124 1 0.730008
4565 1 0.730014
5006 1 0.730008
5447 1 0.730002
5888 1 0.730000
6329 1 0.730000
6770 1 0.730000
2381 1 0.730000
2822 1 0.730000
3263 1 0.730000
3704 1 0.730000
4145 1 0.730003
4586 1 0.730006
5027 1 0.730003
5468 1 0.730000
5909 1 0.730000
6350 1 0.730001
6791 1 0.730001
2402 1 0.730000
2843 1 0.730000
3284 1 0.730000
3725 1 0.730000
4166 1 0.730000
4607 1 0.730000
5048 1 0.730000
5489 1 0.730002
5930 1 0.730005
6371 1 0.730035
6812 1 0.730050
2423 1 0.730000
2864 1 0.730000
3305 1 0.730000
3746 1 0.730000
4187 1 0.730000
4628 1 0.730001
5069 1 0.730009
5510 1 0.730053
5951 1 0.730102
6392 1 0.730735
6833 1 0.731057
2444 1 0.730001
2885 1 0.730000
3326 1 0.730000
3767 1 0.730000
4208 1 0.730000
4649 1 0.730009
5090 1 0.730067
5531 1 0.730520
5972 1 0.730952
6413 1 0.737798
6854 1 0.741915
2465 1 0.730032
2906 1 0.730002
3347 1 0.730000
3788 1 0.730000
4229 1 0.730002
4670 1 0.730053
5111 1 0.730520
5552 1 0.731683
5993 1 0.733577
6434 1 0.768593
6875 1 0.797766
2486 1 0.730470
2927 1 0.730023
3368 1 0.730000
3809 1 0.730000
4250 1 0.730005
4691 1 0.730102
5132 1 0.730952
5573 1 0.733577
6014 1 0.735470
6455 1 0.819617
6896 1 0.924240
2507 1 0.733280
2948 1 0.730065
3389 1 0.730023
3830 1 0.730003
4271 1 0.730035
4712 1 0.730735
5153 1 0.737798
5594 1 0.768593
6035 1 0.819617
6476 1 0.888707
6917 1 1.458265
2087 1 0.836093
2528 1 0.737017
2969 1 0.733280
3410 1 0.730470
3851 1 0.730033
4292 1 0.730051
4733 1 0.731057
5174 1 0.741915
5615 1 0.797766
6056 1 0.924240
6497 1 1.458265
6938 1 1.784100
7379 1 2.222914
2108 1 0.922096
2549 1 0.836093
6959 1 2.222914
7400 1 2.672445
1688 1 2.194328
7862 1 1.776128
1857 1 0.730016
2298 1 0.730011
6708 1 0.730001
7149 1 0.730000
1878 1 0.730010
2319 1 0.730011
2760 1 0.730008
3201 1 0.730033
3642 1 0.730169
4083 1 0.730732
4524 1 0.731230
4965 1 0.730732
5406 1 0.730169
5847 1 0.730032
6288 1 0.730002
6729 1 0.730000
7170 1 0.730000
2340 1 0.730006
2781 1 0.730002
3222 1 0.730003
3663 1 0.730019
4104 1 0.730094
4545 1 0.730166
4986 1 0.730094
5427 1 0.730019
5868 1 0.730002
6309 1 0.730000
6750 1 0.730000
2361 1 0.730001
2802 1 0.730001
3243 1 0.730000
3684 1 0.730000
4125 1 0.730003
4566 1 0.730006
5007 1 0.730003
5448 1 0.730000
5889 1 0.730000
6330 1 0.730000
6771 1 0.730000
2382 1 0.730000
2823 1 0.730000
3264 1 0.730000
3705 1 0.730000
4146 1 0.730000
4587 1 0.730000
5028 1 0.730000
5469 1 0.730000
5910 1 0.730000
6351 1 0.730000
6792 1 0.730000
2403 1 0.730000
2844 1 0.730000
3285 1 0.730000
3726 1 0.730000
4167 1 0.730000
4608 1 0.730000
5049 1 0.730000
5490 1 0.730000
5931 1 0.730002
6372 1 0.730007
6813 1 0.730007
2424 1 0.730000
2865 1 0.730000
3306 1 0.730000
3747 1 0.730000
4188 1 0.730000
4629 1 0.730000
5070 1 0.730001
5511 1 0.730003
5952 1 0.730053
6393 1 0.730185
6834 1 0.730178
2445 1 0.730007
2886 1 0.730001
3327 1 0.730000
3768 1 0.730000
4209 1 0.730000
4650 1 0.730001
5091 1 0.730008
5532 1 0.730023
5973 1 0.730520
6414 1 0.731940
6855 1 0.731948
2466 1 0.730169
2907 1 0.730019
3348 1 0.730000
3789 1 0.730000
4230 1 0.730000
4671 1 0.730003
5112 1 0.730023
5553 1 0.730045
5994 1 0.731683
6435 1 0.737681
6876 1 0.738591
2487 1 0.733027
2928 1 0.730193
3369 1 0.730002
3810 1 0.730000
4251 1 0.730002
4692 1 0.730053
5133 1 0.730520
5574 1 0.731683
6015 1 0.733577
6456 1 0.768593
6897 1 0.797766
2508 1 0.747378
2949 1 0.730457
3390 1 0.730193
3831 1 0.730019
4272 1 0.730008
4713 1 0.730185
5154 1 0.731940
5595 1 0.737681
6036 1 0.768593
6477 1 0.790940
6918 1 0.944525
2088 1 1.144289
2529 1 0.763168
2970 1 0.747378
3411 1 0.733027
3852 1 0.730169
4293 1 0.730014
4734 1 0.730178
5175 1 0.731948
5616 1 0.738591
6057 1 0.797766
6498 1 0.944525
6939 1 1.025781
7380 1 1.077323
2109 1 1.421505
2550 1 1.144289
6960 1 1.077323
7401 1 1.174238
1858 1 0.730387
2299 1 0.730259
6709 1 0.730000
7150 1 0.730000
1879 1 0.730259
2320 1 0.730278
2761 1 0.730170
3202 1 0.730051
3643 1 0.730014
4084 1 0.730019
4525 1 0.730042
4966 1 0.730018
5407 1 0.730007
5848 1 0.730001
6289 1 0.730000
6730 1 0.730000
7171 1 0.730000
2341 1 0.730170
2782 1 0.730064
3223 1 0.730035
3664 1 0.730008
4105 1 0.730004
4546 1 0.730007
4987 1 0.730003
5428 1 0.730001
5869 1 0.730000
6310 1 0.730000
6751 1 0.730000
2362 1 0.730050
2803 1 0.730035
3244 1 0.730005
3685 1 0.730002
4126 1 0.730000
4567 1 0.730000
5008 1 0.730000
5449 1 0.730000
5890 1 0.730000
6331 1 0.730000
6772 1 0.730000
2383 1 0.730007
2824 1 0.730007
3265 1 0.730002
3706 1 0.730000
4147 1 0.730000
4588 1 0.730000
5029 1 0.730000
5470 1 0.730000
5911 1 0.730000
6352 1 0.730000
6793 1 0.730000
2404 1 0.730001
2845 1 0.730001
3286 1 0.730000
3727 1 0.730000
4168 1 0.730000
4609 1 0.730000
5050 1 0.730000
5491 1 0.730000
5932 1 0.730000
6373 1 0.730001
6814 1 0.730001
2425 1 0.730000
2866 1 0.730000
3307 1 0.730000
3748 1 0.730000
4189 1 0.730000
4630 1 0.730000
5071 1 0.730000
5512 1 0.730001
5953 1 0.730009
6394 1 0.730021
6835 1 0.730016
2446 1 0.730018
2887 1 0.730003
3328 1 0.730000
3769 1 0.730000
4210 1 0.730000
4651 1 0.730000
5092 1 0.730000
5533 1 0.730008
5974 1 0.730067
6415 1 0.730167
6856 1 0.730134
2467 1 0.730732
2908 1 0.730094
3349 1 0.730003
3790 1 0.730000
4231 1 0.730000
4672 1 0.730001
5113 1 0.730008
5554 1 0.730023
5995 1 0.730520
6436 1 0.731940
6877 1 0.731948
2488 1 0.739861
2929 1 0.730738
3370 1 0.730008
3811 1 0.730003
4252 1 0.730000
4693 1 0.730009
5134 1 0.730067
5575 1 0.730520
6016 1 0.730952
6457 1 0.737798
6898 1 0.741915
2509 1 0.778849
2950 1 0.731535
3391 1 0.730738
3832 1 0.730094
4273 1 0.730004
4714 1 0.730021
5155 1 0.730167
5596 1 0.731940
6037 1 0.737798
6478 1 0.741902
6919 1 0.765075
2089 1 1.683898
2530 1 0.815901
2971 1 0.778849
3412 1 0.739861
3853 1 0.730732
4294 1 0.730019
4735 1 0.730016
5176 1 0.730134
5617 1 0.731948
6058 1 0.741915
6499 1 0.765075
6940 1 0.778568
7381 1 0.780038
2110 1 2.237245
2551 1 1.683898
6961 1 0.780038
7402 1 0.795222
1859 1 0.736194
2300 1 0.734499
6710 1 0.730000
7151 1 0.730000
1880 1 0.734499
2321 1 0.734711
2762 1 0.733207
3203 1 0.731057
3644 1 0.730178
4085 1 0.730016
4526 1 0.730001
4967 1 0.730000
5408 1 0.730000
5849 1 0.730000
6290 1 0.730000
6731 1 0.730000
7172 1 0.730000
2342 1 0.733207
2783 1 0.731193
3224 1 0.730735
3665 1 0.730185
4106 1 0.730021
4547 1 0.730001
4988 1 0.730000
5429 1 0.730000
5870 1 0.730000
6311 1 0.730000
6752 1 0.730000
2363 1 0.731057
2804 1 0.730735
3245 1 0.730102
3686 1 0.730053
4127 1 0.730009
4568 1 0.730001
5009 1 0.730000
5450 1 0.730000
5891 1 0.730000
6332 1 0.730000
6773 1 0.730000
2384 1 0.730178
2825 1 0.730185
3266 1 0.730053
3707 1 0.730003
4148 1 0.730001
4589 1 0.730000
5030 1 0.730000
5471 1 0.730000
5912 1 0.730000
6353 1 0.730000
6794 1 0.730000
2405 1 0.730016
2846 1 0.730021
3287 1 0.730009
3728 1 0.730001
4169 1 0.730000
4610 1 0.730000
5051 1 0.730000
5492 1 0.730000
5933 1 0.730000
6374 1 0.730000
6815 1 0.730000
2426 1 0.730001
2867 1 0.730001
3308 1 0.730001
3749 1 0.730000
4190 1 0.730000
4631 1 0.730000
5072 1 0.730000
5513 1 0.730000
5954 1 0.730001
6395 1 0.730001
6836 1 0.730001
2447 1 0.730042
2888 1 0.730007
3329 1 0.730000
3770 1 0.730000
4211 1 0.730000
4652 1 0.730000
5093 1 0.730000
5534 1 0.730001
5975 1 0.730009
6416 1 0.730021
6857 1 0.730016
2468 1 0.731230
2909 1 0.730166
3350 1 0.730006
3791 1 0.730000
4232 1 0.730000
4673 1 0.730000
5114 1 0.730001
5555 1 0.730003
5996 1 0.730053
6437 1 0.730185
6878 1 0.730178
2489 1 0.744786
2930 1 0.731171
3371 1 0.730014
3812 1 0.730006
4253 1 0.730000
4694 1 0.730001
5135 1 0.730009
5576 1 0.730053
6017 1 0.730102
6458 1 0.730735
6899 1 0.731057
2510 1 0.799337
2951 1 0.732316
3392 1 0.731171
3833 1 0.730166
4274 1 0.730007
4715 1 0.730001
5156 1 0.730021
5597 1 0.730185
6038 1 0.730735
6479 1 0.731193
6920 1 0.733207
2090 1 1.993197
2531 1 0.848365
2972 1 0.799337
3413 1 0.744786
3854 1 0.731230
4295 1 0.730042
4736 1 0.730001
5177 1 0.730016
5618 1 0.730178
6059 1 0.731057
6500 1 0.733207
6941 1 0.734711
7382 1 0.734499
2111 1 2.687777
2552 1 1.993197
6962 1 0.734499
7403 1 0.736194
1860 1 0.795222
2301 1 0.780038
6711 1 0.730000
7152 1 0.730000
1881 1 0.780038
2322 1 0.778568
2763 1 0.765075
3204 1 0.741915
3645 1 0.731948
4086 1 0.730134
4527 1 0.730016
4968 1 0.730001
5409 1 0.730000
5850 1 0.730000
6291 1 0.730000
6732 1 0.730000
7173 1 0.730000
2343 1 0.765075
2784 1 0.741902
3225 1 0.737798
3666 1 0.731940
4107 1 0.730167
4548 1 0.730021
4989 1 0.730001
5430 1 0.730000
5871 1 0.730000
6312 1 0.730000
6753 1 0.730000
2364 1 0.741915
2805 1 0.737798
3246 1 0.730952
3687 1 0.730520
4128 1 0.730067
4569 1 0.730009
5010 1 0.730000
5451 1 0.730000
5892 1 0.730000
6333 1 0.730000
6774 1 0.730001
2385 1 0.731948
2826 1 0.731940
3267 1 0.730520
3708 1 0.730023
4149 1 0.730008
4590 1 0.730001
5031 1 0.730000
5472 1 0.730000
5913 1 0.730000
6354 1 0.730001
6795 1 0.730007
2406 1 0.730134
2847 1 0.730167
3288 1 0.730067
3729 1 0.730008
4170 1 0.730000
4611 1 0.730000
5052 1 0.730000
5493 1 0.730000
5934 1 0.730000
6375 1 0.730003
6816 1 0.730018
2427 1 0.730016
2868 1 0.730021
3309 1 0.730009
3750 1 0.730001
4191 1 0.730000
4632 1 0.730000
5073 1 0.730000
5514 1 0.730000
5955 1 0.730000
6396 1 0.730007
6837 1 0.730042
2448 1 0.730019
2889 1 0.730004
3330 1 0.730000
3771 1 0.730000
4212 1 0.730000
4653 1 0.730000
5094 1 0.730000
5535 1 0.730000
5976 1 0.730000
6417 1 0.730004
6858 1 0.730019
2469 1 0.730732
2910 1 0.730094
3351 1 0.730003
3792 1 0.730000
4233 1 0.730000
4674 1 0.730000
5115 1 0.730000
5556 1 0.730000
5997 1 0.730002
6438 1 0.730008
6879 1 0.730014
2490 1 0.739861
2931 1 0.730738
3372 1 0.730008
3813 1 0.730003
4254 1 0.730000
4695 1 0.730000
5136 1 0.730000
5577 1 0.730002
6018 1 0.730005
6459 1 0.730035
6900 1 0.730051
2511 1 0.778849
2952 1 0.731535
3393 1 0.730738
3834 1 0.730094
4275 1 0.730003
4716 1 0.730000
5157 1 0.730001
5598 1 0.730007
6039 1 0.730035
6480 1 0.730064
6921 1 0.730170
2091 1 1.683898
2532 1 0.815901
2973 1 0.778849
3414 1 0.739861
3855 1 0.730732
4296 1 0.730018
4737 1 0.730000
5178 1 0.730001
5619 1 0.730007
6060 1 0.730050
6501 1 0.730170
6942 1 0.730278
7383 1 0.730259
2112 1 2.237245
2553 1 1.683898
6963 1 0.730259
7404 1 0.730387
1861 1 1.174238
2302 1 1.077323
6712 1 0.730000
7153 1 0.730000
1882 1 1.077323
2323 1 1.025781
2764 1 0.944525
3205 1 0.797766
3646 1 0.738591
4087 1 0.731948
4528 1 0.730178
4969 1 0.730007
5410 1 0.730000
5851 1 0.730000
6292 1 0.730000
6733 1 0.730000
7174 1 0.730001
2344 1 0.944525
2785 1 0.790940
3226 1 0.768593
3667 1 0.737681
4108 1 0.731940
4549 1 0.730185
4990 1 0.730007
5431 1 0.730000
5872 1 0.730000
6313 1 0.730000
6754 1 0.730002
2365 1 0.797766
2806 1 0.768593
3247 1 0.733577
3688 1 0.731683
4129 1 0.730520
4570 1 0.730053
5011 1 0.730002
5452 1 0.730000
5893 1 0.730000
6334 1 0.730002
6775 1 0.730032
2386 1 0.738591
2827 1 0.737681
3268 1 0.731683
3709 1 0.730045
4150 1 0.730023
4591 1 0.730003
5032 1 0.730000
5473 1 0.730000
5914 1 0.730000
6355 1 0.730019
6796 1 0.730169
2407 1 0.731948
2848 1 0.731940
3289 1 0.730520
3730 1 0.730023
4171 1 0.730008
4612 1 0.730001
5053 1 0.730000
5494 1 0.730000
5935 1 0.730003
6376 1 0.730094
6817 1 0.730732
2428 1 0.730178
2869 1 0.730185
3310 1 0.730053
3751 1 0.730003
4192 1 0.730001
4633 1 0.730000
5074 1 0.730000
5515 1 0.730000
5956 1 0.730006
6397 1 0.730166
6838 1 0.731230
2449 1 0.730014
2890 1 0.730008
3331 1 0.730002
3772 1 0.730000
4213 1 0.730000
4654 1 0.730000
5095 1 0.730000
5536 1 0.730000
5977 1 0.730003
6418 1 0.730094
6859 1 0.730732
2470 1 0.730169
2911 1 0.730019
3352 1 0.730000
3793 1 0.730000
4234 1 0.730000
4675 1 0.730000
5116 1 0.730000
5557 1 0.730000
5998 1 0.730000
6439 1 0.730019
6880 1 0.730169
2491 1 0.733027
2932 1 0.730193
3373 1 0.730002
3814 1 0.730000
4255 1 0.730000
4696 1 0.730000
5137 1 0.730000
5578 1 0.730000
6019 1 0.730000
6460 1 0.730003
6901 1 0.730033
2512 1 0.747378
2953 1 0.730457
3394 1 0.730193
3835 1 0.730019
4276 1 0.730001
4717 1 0.730000
5158 1 0.730000
5599 1 0.730000
6040 1 0.730001
6481 1 0.730002
6922 1 0.730008
2092 1 1.144289
2533 1 0.763168
2974 1 0.747378
3415 1 0.733027
3856 1 0.730169
4297 1 0.730007
4738 1 0.730000
5179 1 0.730000
5620 1 0.730000
6061 1 0.730001
6502 1 0.730006
6943 1 0.730011
7384 1 0.730011
2113 1 1.421505
2554 1 1.144289
6964 1 0.730010
7405 1 0.730016
1400 1 1.776128
7574 1 0.730000
1862 1 2.672445
2303 1 2.222914
6713 1 0.730000
7154 1 0.730001
1883 1 2.222914
2324 1 1.784100
2765 1 1.458265
3206 1 0.924240
3647 1 0.797766
4088 1 0.741915
4529 1 0.731057
4970 1 0.730050
5411 1 0.730001
5852 1 0.730000
6293 1 0.730000
6734 1 0.730001
7175 1 0.730018
2345 1 1.458265
2786 1 0.888707
3227 1 0.819617
3668 1 0.768593
4109 1 0.737798
4550 1 0.730735
4991 1 0.730035
5432 1 0.730001
5873 1 0.730000
6314 1 0.730001
6755 1 0.730039
2366 1 0.924240
2807 1 0.819617
3248 1 0.735470
3689 1 0.733577
4130 1 0.730952
4571 1 0.730102
5012 1 0.730005
5453 1 0.730000
5894 1 0.730000
6335 1 0.730023
6776 1 0.730470
2387 1 0.797766
2828 1 0.768593
3269 1 0.733577
3710 1 0.731683
4151 1 0.730520
4592 1 0.730053
5033 1 0.730002
5474 1 0.730000
5915 1 0.730002
6356 1 0.730193
6797 1 0.733027
2408 1 0.741915
2849 1 0.737798
3290 1 0.730952
3731 1 0.730520
4172 1 0.730067
4613 1 0.730009
5054 1 0.730000
5495 1 0.730003
5936 1 0.730008
6377 1 0.730738
6818 1 0.739861
2429 1 0.731057
2870 1 0.730735
3311 1 0.730102
3752 1 0.730053
4193 1 0.730009
4634 1 0.730001
5075 1 0.730000
5516 1 0.730006
5957 1 0.730014
6398 1 0.731171
6839 1 0.744786
2450 1 0.730051
2891 1 0.730035
3332 1 0.730005
3773 1 0.730002
4214 1 0.730000
4655 1 0.730000
5096 1 0.730000
5537 1 0.730003
5978 1 0.730008
6419 1 0.730738
6860 1 0.739861
2471 1 0.730033
2912 1 0.730003
3353 1 0.730000
3794 1 0.730000
4235 1 0.730000
4676 1 0.730000
5117 1 0.730000
5558 1 0.730000
5999 1 0.730002
6440 1 0.730193
6881 1 0.733027
2492 1 0.730470
2933 1 0.730023
3374 1 0.730000
3815 1 0.730000
4256 1 0.730000
4697 1 0.730000
5138 1 0.730000
5579 1 0.730000
6020 1 0.730000
6461 1 0.730023
6902 1 0.730470
2513 1 0.733280
2954 1 0.730065
3395 1 0.730023
3836 1 0.730002
4277 1 0.730000
4718 1 0.730000
5159 1 0.730000
5600 1 0.730000
6041 1 0.730000
6482 1 0.730001
6923 1 0.730039
2093 1 0.836093
2534 1 0.737017
2975 1 0.733280
3416 1 0.730470
3857 1 0.730032
4298 1 0.730001
4739 1 0.730000
5180 1 0.730000
5621 1 0.730000
6062 1 0.730000
6503 1 0.730000
6944 1 0.730002
7385 1 0.730018
2114 1 0.922096
2555 1 0.836093
6965 1 0.730000
7406 1 0.730001
1694 1 2.194328
7868 1 0.730000
1863 1 6.196211
2304 1 4.733497
2745 1 2.042072
6273 1 0.730000
6714 1 0.730000
7155 1 0.730007
1884 1 4.733497
2325 1 2.946868
2766 1 2.132114
3207 1 1.458265
3648 1 0.944525
4089 1 0.765075
4530 1 0.733207
4971 1 0.730170
5412 1 0.730006
5853 1 0.730000
6294 1 0.730000
6735 1 0.730012
7176 1 0.730219
1905 1 2.042072
2346 1 2.132114
2787 1 0.945962
3228 1 0.888707
3669 1 0.790940
4110 1 0.741902
4551 1 0.731193
4992 1 0.730064
5433 1 0.730002
5874 1 0.730001
6315 1 0.730005
6756 1 0.730354
7197 1 0.733126
2367 1 1.458265
2808 1 0.888707
3249 1 0.819617
3690 1 0.768593
4131 1 0.737798
4572 1 0.730735
5013 1 0.730035
5454 1 0.730003
5895 1 0.730023
6336 1 0.730065
6777 1 0.733280
2388 1 0.944525
2829 1 0.790940
3270 1 0.768593
3711 1 0.737681
4152 1 0.731940
4593 1 0.730185
5034 1 0.730008
5475 1 0.730019
5916 1 0.730193
6357 1 0.730457
6798 1 0.747378
2409 1 0.765075
2850 1 0.741902
3291 1 0.737798
3732 1 0.731940
4173 1 0.730167
4614 1 0.730021
5055 1 0.730004
5496 1 0.730094
5937 1 0.730738
6378 1 0.731535
6819 1 0.778849
2430 1 0.733207
2871 1 0.731193
3312 1 0.730735
3753 1 0.730185
4194 1 0.730021
4635 1 0.730001
5076 1 0.730007
5517 1 0.730166
5958 1 0.731171
6399 1 0.732316
6840 1 0.799337
2451 1 0.730170
2892 1 0.730064
3333 1 0.730035
3774 1 0.730007
4215 1 0.730001
4656 1 0.730000
5097 1 0.730003
5538 1 0.730094
5979 1 0.730738
6420 1 0.731535
6861 1 0.778849
2472 1 0.730008
2913 1 0.730002
3354 1 0.730001
3795 1 0.730000
4236 1 0.730000
4677 1 0.730000
5118 1 0.730001
5559 1 0.730019
6000 1 0.730193
6441 1 0.730457
6882 1 0.747378
2493 1 0.730039
2934 1 0.730001
3375 1 0.730000
3816 1 0.730000
4257 1 0.730000
4698 1 0.730000
5139 1 0.730000
5580 1 0.730002
6021 1 0.730023
6462 1 0.730065
6903 1 0.733280
2073 1 0.733126
2514 1 0.730354
2955 1 0.730005
3396 1 0.730001
3837 1 0.730000
4278 1 0.730000
4719 1 0.730000
5160 1 0.730000
5601 1 0.730000
6042 1 0.730001
6483 1 0.730005
6924 1 0.730354
7365 1 0.733126
2094 1 0.746661
2535 1 0.730852
2976 1 0.730354
3417 1 0.730039
3858 1 0.730002
4299 1 0.730000
4740 1 0.730000
5181 1 0.730000
5622 1 0.730000
6063 1 0.730000
6504 1 0.730000
6945 1 0.730012
7386 1 0.730219
2115 1 0.763150
2556 1 0.746661
2997 1 0.733126
6525 1 0.730000
6966 1 0.730000
7407 1 0.730007
1864 1 10.746623
2305 1 7.568816
2746 1 4.733497
3187 1 2.222914
3628 1 1.077323
4069 1 0.780038
4510 1 0.734499
4951 1 0.730259
5392 1 0.730010
5833 1 0.730000
6274 1 0.730000
6715 1 0.730001
7156 1 0.730055
1885 1 7.568816
2326 1 3.548739
2767 1 2.946868
3208 1 1.784100
3649 1 1.025781
4090 1 0.778568
4531 1 0.734711
4972 1 0.730278
5413 1 0.730011
5854 1 0.730002
6295 1 0.730012
6736 1 0.730063
7177 1 0.731688
1906 1 4.733497
2347 1 2.946868
2788 1 2.132114
3229 1 1.458265
3670 1 0.944525
4111 1 0.765075
4552 1 0.733207
4993 1 0.730170
5434 1 0.730008
5875 1 0.730039
6316 1 0.730354
6757 1 0.730852
7198 1 0.746661
1927 1 2.222914
2368 1 1.784100
2809 1 1.458265
3250 1 0.924240
3691 1 0.797766
4132 1 0.741915
4573 1 0.731057
5014 1 0.730051
5455 1 0.730033
5896 1 0.730470
6337 1 0.733280
6778 1 0.737017
7219 1 0.836093
1948 1 1.077323
2389 1 1.025781
2830 1 0.944525
3271 1 0.797766
3712 1 0.738591
4153 1 0.731948
4594 1 0.730178
5035 1 0.730014
5476 1 0.730169
5917 1 0.733027
6358 1 0.747378
6799 1 0.763168
7240 1 1.144289
1969 1 0.780038
2410 1 0.778568
2851 1 0.765075
3292 1 0.741915
3733 1 0.731948
4174 1 0.730134
4615 1 0.730016
5056 1 0.730019
5497 1 0.730732
5938 1 0.739861
6379 1 0.778849
6820 1 0.815901
7261 1 1.683898
1990 1 0.734499
2431 1 0.734711
2872 1 0.733207
3313 1 0.731057
3754 1 0.730178
4195 1 0.730016
4636 1 0.730001
5077 1 0.730042
5518 1 0.731230
5959 1 0.744786
6400 1 0.799337
6841 1 0.848365
7282 1 1.993197
2011 1 0.730259
2452 1 0.730278
2893 1 0.730170
3334 1 0.730050
3775 1 0.730007
4216 1 0.730001
4657 1 0.730000
5098 1 0.730018
5539 1 0.730732
5980 1 0.739861
6421 1 0.778849
6862 1 0.815901
7303 1 1.683898
2032 1 0.730011
2473 1 0.730011
2914 1 0.730006
3355 1 0.730001
3796 1 0.730000
4237 1 0.730000
4678 1 0.730000
5119 1 0.730007
5560 1 0.730169
6001 1 0.733027
6442 1 0.747378
6883 1 0.763168
7324 1 1.144289
2053 1 0.730018
2494 1 0.730002
2935 1 0.730000
3376 1 0.730000
3817 1 0.730000
4258 1 0.730000
4699 1 0.730000
5140 1 0.730001
5581 1 0.730032
6022 1 0.730470
6463 1 0.733280
6904 1 0.737017
7345 1 0.836093
2074 1 0.730219
2515 1 0.730012
2956 1 0.730000
3397 1 0.730000
3838 1 0.730000
4279 1 0.730000
4720 1 0.730000
5161 1 0.730000
5602 1 0.730002
6043 1 0.730039
6484 1 0.730354
6925 1 0.730852
7366 1 0.746661
2095 1 0.731688
2536 1 0.730063
2977 1 0.730012
3418 1 0.730001
3859 1 0.730000
4300 1 0.730000
4741 1 0.730000
5182 1 0.730000
5623 1 0.730000
6064 1 0.730001
6505 1 0.730012
6946 1 0.730063
7387 1 0.731688
2116 1 0.733677
2557 1 0.731688
2998 1 0.730219
3439 1 0.730018
3880 1 0.730001
4321 1 0.730000
4762 1 0.730000
5203 1 0.730000
5644 1 0.730000
6085 1 0.730000
6526 1 0.730000
6967 1 0.730001
7408 1 0.730055
1865 1 12.920110
2306 1 10.746623
2747 1 6.196211
3188 1 2.672445
3629 1 1.174238
4070 1 0.795222
4511 1 0.736194
4952 1 0.730387
5393 1 0.730016
5834 1 0.730001
6275 1 0.730007
6716 1 0.730055
7157 1 0.730273
1886 1 10.746623
2327 1 7.568816
2768 1 4.733497
3209 1 2.222914
3650 1 1.077323
4091 1 0.780038
4532 1 0.734499
4973 1 0.730259
5414 1 0.730011
5855 1 0.730018
6296 1 0.730219
6737 1 0.731688
7178 1 0.733677
1907 1 6.196211
2348 1 4.733497
2789 1 2.042072
6317 1 0.733126
6758 1 0.746661
7199 1 0.763150
1928 1 2.672445
2369 1 2.222914
6779 1 0.836093
7220 1 0.922096
1949 1 1.174238
2390 1 1.077323
6800 1 1.144289
7241 1 1.421505
1970 1 0.795222
2411 1 0.780038
6821 1 1.683898
7262 1 2.237245
1991 1 0.736194
2432 1 0.734499
6842 1 1.993197
7283 1 2.687777
2012 1 0.730387
2453 1 0.730259
6863 1 1.683898
7304 1 2.237245
2033 1 0.730016
2474 1 0.730010
6884 1 1.144289
7325 1 1.421505
2054 1 0.730001
2495 1 0.730000
6905 1 0.836093
7346 1 0.922096
2075 1 0.730007
2516 1 0.730000
2957 1 0.730000
6485 1 0.733126
6926 1 0.746661
7367 1 0.763150
2096 1 0.730055
2537 1 0.730001
2978 1 0.730000
3419 1 0.730000
3860 1 0.730000
4301 1 0.730000
4742 1 0.730000
5183 1 0.730000
5624 1 0.730001
6065 1 0.730018
6506 1 0.730219
6947 1 0.731688
7388 1 0.733677
2117 1 0.730273
2558 1 0.730055
2999 1 0.730007
3440 1 0.730001
3881 1 0.730000
4322 1 0.730000
4763 1 0.730000
5204 1 0.730000
5645 1 0.730000
6086 1 0.730001
6527 1 0.730007
6968 1 0.730055
7409 1 0.730273
3168 1 1.776128
5814 1 0.730000
1488 1 1.776128
7662 1 2.194328
1614 1 0.730000
7788 1 2.194328
3462 1 0.730000
6108 1 0.730000
