243.351,277.3378,243.3783,300.989
296.6444,354.3419,362.5729,300.989
303.5958,332.3407,267.2172,272.8458
315.7606,323.5402,386.4118,329.1322
268.8392,290.5385,370.5192,357.2754
300.6994,266.3372,219.5394,413.5617
279.2662,327.9405,322.8414,385.4185
271.7356,272.9375,338.734,385.4185
268.8392,270.7374,322.8414,357.2754
248.5645,283.9381,267.2172,357.2754
253.778,244.336,394.3581,385.4185
238.7168,259.7368,275.1635,385.4185
234.6619,275.1376,306.9487,441.7049
229.4484,272.9375,306.9487,357.2754
230.607,231.1353,314.895,300.989
214.9665,246.5361,299.0024,385.4185
209.1737,215.7345,227.4857,300.989
186.0027,215.7345,267.2172,244.7027
190.6369,220.1347,259.2709,385.4185
195.2711,239.9358,291.0561,357.2754
202.2224,211.3342,259.2709,357.2754
196.4297,226.735,179.8078,300.989
179.0514,171.7321,235.432,272.8458
179.0514,195.9334,275.1635,497.9912
183.1063,211.3342,235.432,188.4163
190.0576,211.3342,203.6468,132.13
203.9602,198.1335,283.1098,272.8458
187.7405,158.5314,243.3783,300.989
196.4297,182.7327,235.432,300.989
174.4172,242.1359,259.2709,272.8458
195.8504,220.1347,203.6468,300.989
189.4783,204.7339,235.432,132.13
172.1001,209.1341,219.5394,329.1322
198.1675,193.7333,235.432,244.7027
184.8441,211.3342,203.6468,216.5595
188.8991,217.9346,195.7005,160.2732
194.6918,189.3331,235.432,244.7027
209.753,202.5338,227.4857,272.8458
203.381,222.3348,219.5394,357.2754
212.6494,215.7345,243.3783,300.989
214.3872,237.7356,267.2172,272.8458
225.9727,242.1359,235.432,357.2754
200.4846,228.9352,259.2709,272.8458
210.9116,250.9363,203.6468,441.7049
227.7106,226.735,275.1635,300.989
235.2412,198.1335,259.2709,300.989
247.406,248.7362,291.0561,244.7027
250.8816,272.9375,203.6468,300.989
230.607,268.5373,275.1635,497.9912
280.4247,268.5373,314.895,385.4185
269.9977,294.9387,259.2709,188.4163
268.2599,301.539,322.8414,385.4185
292.5895,321.3401,306.9487,300.989
283.3211,343.3413,346.6803,497.9912
326.1875,292.7386,362.5729,357.2754
334.8767,409.3448,505.6064,357.2754
342.9865,275.1376,338.734,329.1322
344.7244,354.3419,394.3581,441.7049
363.8405,334.5408,378.4655,329.1322
349.3586,402.7444,322.8414,300.989
354.5721,367.5426,306.9487,413.5617
385.853,402.7444,402.3044,385.4185
393.9628,385.1435,410.2507,666.8502
373.6882,424.7456,465.8749,469.848
418.8717,402.7444,402.3044,329.1322
399.7556,382.9434,442.036,497.9912
372.5296,404.9446,386.4118,441.7049
377.1638,451.147,473.8212,469.848
384.1151,369.7427,402.3044,413.5617
360.3648,422.5455,386.4118,497.9912
358.627,338.941,346.6803,441.7049
331.401,371.9428,473.8212,385.4185
338.3523,363.1423,362.5729,385.4185
349.3586,374.1429,378.4655,413.5617
323.8704,347.7415,362.5729,441.7049
298.9615,338.941,410.2507,188.4163
282.7418,323.5402,306.9487,244.7027
274.0527,283.9381,362.5729,244.7027
269.4185,250.9363,267.2172,160.2732
242.1925,270.7374,330.7877,272.8458
223.6556,220.1347,283.1098,244.7027
218.4422,222.3348,259.2709,329.1322
219.0214,220.1347,235.432,244.7027
195.2711,206.934,243.3783,300.989
202.8017,213.5343,227.4857,357.2754
179.6306,217.9346,243.3783,272.8458
170.9415,187.1329,227.4857,188.4163
167.4658,198.1335,227.4857,188.4163
168.0451,200.3336,219.5394,329.1322
163.9902,189.3331,187.7541,300.989
174.9964,200.3336,235.432,216.5595
174.4172,189.3331,219.5394,188.4163
141.3984,184.9328,211.5931,300.989
162.8316,173.9322,211.5931,160.2732
168.6244,202.5338,187.7541,216.5595
165.1487,206.934,179.8078,244.7027
167.4658,189.3331,171.8615,244.7027
151.2461,187.1329,219.5394,300.989
163.4109,178.3325,187.7541,272.8458
164.5695,176.1323,203.6468,357.2754
164.5695,215.7345,187.7541,244.7027
180.2099,187.1329,195.7005,272.8458
167.4658,147.5308,235.432,216.5595
160.5145,165.1318,187.7541,329.1322
171.5208,171.7321,203.6468,216.5595
177.8928,220.1347,211.5931,300.989
165.728,169.532,299.0024,188.4163
158.1974,180.5326,243.3783,272.8458
176.7343,160.7315,291.0561,300.989
173.2586,160.7315,267.2172,216.5595
159.356,171.7321,227.4857,272.8458
168.0451,180.5326,243.3783,413.5617
175.5757,182.7327,330.7877,272.8458
168.0451,233.3354,243.3783,357.2754
175.5757,173.9322,211.5931,244.7027
188.8991,195.9334,235.432,441.7049
192.3747,224.5349,314.895,272.8458
196.4297,206.934,275.1635,244.7027
203.9602,222.3348,203.6468,300.989
236.979,246.5361,259.2709,329.1322
227.7106,283.9381,291.0561,300.989
236.3997,220.1347,291.0561,357.2754
246.8267,279.5379,275.1635,441.7049
282.1625,299.3389,370.5192,329.1322
284.4796,261.9369,362.5729,385.4185
320.3948,294.9387,386.4118,272.8458
337.7731,380.7433,322.8414,497.9912
367.3161,363.1423,330.7877,469.848
389.9079,429.1459,378.4655,554.2775
399.1763,407.1447,378.4655,638.707
415.3961,433.5461,418.197,357.2754
487.2263,429.1459,545.3379,582.4207
505.1839,503.9498,529.4453,610.5639
497.6533,510.5502,465.8749,385.4185
523.7207,514.9504,616.8547,694.9934
549.2089,534.7515,410.2507,385.4185
543.9954,591.9545,553.2842,582.4207
525.4585,530.3513,600.9621,385.4185
536.4648,536.9516,545.3379,497.9912
530.672,547.9522,529.4453,582.4207
476.2201,459.9475,418.197,413.5617
463.476,446.7468,600.9621,413.5617
429.878,457.7474,537.3916,497.9912
394.5421,484.1488,410.2507,413.5617
377.1638,389.5437,513.5527,638.707
353.4135,369.7427,370.5192,188.4163
292.0102,360.9422,362.5729,272.8458
272.3148,257.5367,219.5394,329.1322
242.7718,253.1365,338.734,385.4185
235.8204,248.7362,354.6266,272.8458
220.7593,244.336,211.5931,188.4163
202.8017,231.1353,283.1098,413.5617
188.8991,200.3336,259.2709,441.7049
181.9478,222.3348,195.7005,188.4163
169.2037,206.934,219.5394,272.8458
176.155,211.3342,235.432,272.8458
181.9478,165.1318,235.432,244.7027
158.7767,171.7321,243.3783,300.989
173.8379,180.5326,203.6468,385.4185
161.6731,167.3319,203.6468,216.5595
154.1425,173.9322,235.432,300.989
157.0389,191.5332,187.7541,244.7027
168.0451,171.7321,211.5931,300.989
152.9839,189.3331,267.2172,300.989
154.1425,211.3342,235.432,216.5595
177.8928,160.7315,195.7005,244.7027
161.6731,182.7327,243.3783,272.8458
141.9777,184.9328,235.432,300.989
143.7155,176.1323,243.3783,216.5595
153.5632,213.5343,219.5394,188.4163
146.0326,165.1318,227.4857,216.5595
161.6731,171.7321,179.8078,300.989
162.8316,226.735,227.4857,272.8458
151.2461,191.5332,211.5931,244.7027
150.6668,191.5332,243.3783,272.8458
153.5632,209.1341,219.5394,357.2754
161.6731,171.7321,227.4857,160.2732
163.9902,182.7327,148.0226,216.5595
153.5632,169.532,243.3783,300.989
168.6244,182.7327,203.6468,160.2732
144.8741,160.7315,227.4857,244.7027
183.1063,184.9328,179.8078,160.2732
165.728,184.9328,219.5394,272.8458
182.527,193.7333,187.7541,244.7027
157.6182,173.9322,235.432,188.4163
163.9902,184.9328,243.3783,244.7027
152.9839,195.9334,259.2709,300.989
164.5695,165.1318,211.5931,300.989
176.155,180.5326,322.8414,357.2754
186.582,200.3336,283.1098,329.1322
173.8379,167.3319,299.0024,244.7027
182.527,195.9334,219.5394,216.5595
206.2774,255.3366,211.5931,300.989
191.2162,228.9352,251.3246,244.7027
214.9665,195.9334,267.2172,216.5595
250.3023,213.5343,283.1098,329.1322
247.9852,253.1365,338.734,441.7049
265.9428,292.7386,330.7877,497.9912
301.2787,305.9393,354.6266,329.1322
344.7244,391.7439,354.6266,469.848
396.8592,387.3436,426.1433,413.5617
436.8293,411.5449,370.5192,582.4207
455.9454,499.5496,473.8212,469.848
491.8605,536.9516,545.3379,582.4207
548.0503,574.3536,513.5527,357.2754
582.8069,543.552,720.1567,497.9912
613.5085,618.356,664.5325,610.5639
653.4786,576.5537,680.4251,554.2775
625.094,624.9563,664.5325,694.9934
645.948,613.9557,600.9621,666.8502
619.3013,642.5572,600.9621,582.4207
572.9592,627.1564,672.4788,357.2754
564.27,558.9528,505.6064,385.4185
505.7632,567.7533,553.2842,441.7049
466.3724,453.3471,457.9286,469.848
420.0303,400.5443,402.3044,357.2754
398.5971,402.7444,418.197,413.5617
289.6931,299.3389,314.895,329.1322
277.5283,297.1388,259.2709,300.989
238.7168,261.9369,259.2709,272.8458
205.1188,217.9346,235.432,272.8458
193.5333,224.5349,243.3783,329.1322
188.3198,193.7333,235.432,216.5595
180.7892,198.1335,227.4857,272.8458
173.8379,215.7345,219.5394,272.8458
177.8928,176.1323,187.7541,329.1322
164.5695,176.1323,187.7541,329.1322
162.8316,162.9316,195.7005,272.8458
151.8254,154.1312,235.432,300.989
144.8741,191.5332,267.2172,357.2754
156.4596,187.1329,235.432,160.2732
163.9902,213.5343,179.8078,272.8458
153.5632,180.5326,251.3246,244.7027
174.4172,209.1341,259.2709,300.989
163.9902,173.9322,187.7541,188.4163
163.4109,169.532,243.3783,244.7027
159.9353,158.5314,211.5931,244.7027
169.783,182.7327,235.432,329.1322
157.0389,171.7321,259.2709,244.7027
166.8866,178.3325,219.5394,272.8458
168.0451,178.3325,243.3783,216.5595
167.4658,167.3319,243.3783,357.2754
157.6182,180.5326,235.432,216.5595
146.0326,206.934,267.2172,329.1322
152.4047,154.1312,211.5931,188.4163
148.929,200.3336,283.1098,216.5595
154.1425,160.7315,291.0561,244.7027
172.6793,169.532,179.8078,160.2732
160.5145,200.3336,251.3246,329.1322
160.5145,191.5332,211.5931,216.5595
162.8316,156.3313,211.5931,216.5595
139.6606,169.532,203.6468,272.8458
163.4109,180.5326,227.4857,272.8458
155.8803,180.5326,211.5931,329.1322
156.4596,147.5308,187.7541,300.989
151.8254,132.13,195.7005,272.8458
176.155,167.3319,259.2709,272.8458
157.0389,169.532,203.6468,329.1322
163.4109,189.3331,171.8615,216.5595
151.2461,162.9316,187.7541,300.989
162.8316,154.1312,219.5394,272.8458
170.3622,176.1323,243.3783,272.8458
162.2524,156.3313,219.5394,160.2732
179.6306,209.1341,219.5394,216.5595
176.7343,180.5326,275.1635,160.2732
194.6918,180.5326,203.6468,300.989
180.7892,200.3336,235.432,216.5595
187.7405,193.7333,227.4857,300.989
230.607,259.7368,227.4857,244.7027
261.3086,266.3372,322.8414,385.4185
248.5645,266.3372,227.4857,385.4185
313.4435,290.5385,346.6803,329.1322
313.4435,387.3436,338.734,413.5617
374.2675,334.5408,338.734,413.5617
393.3836,437.9463,442.036,272.8458
417.7132,506.15,473.8212,582.4207
494.7569,501.7497,497.6601,554.2775
535.8855,587.5543,497.6601,638.707
548.0503,589.7544,577.1232,469.848
595.551,613.9557,608.9084,610.5639
589.7582,567.7533,489.7138,751.2797
570.6421,517.1506,585.0695,638.707
538.7819,578.7538,529.4453,694.9934
547.471,486.3489,624.801,526.1344
460.0003,545.7521,497.6601,638.707
437.9878,424.7456,553.2842,526.1344
385.2737,409.3448,434.0896,357.2754
361.5234,345.5414,330.7877,357.2754
329.0839,321.3401,306.9487,413.5617
243.351,253.1365,267.2172,244.7027
223.0764,209.1341,338.734,244.7027
183.1063,202.5338,267.2172,300.989
183.1063,182.7327,251.3246,300.989
169.783,200.3336,243.3783,329.1322
158.7767,189.3331,219.5394,216.5595
176.7343,165.1318,267.2172,300.989
161.6731,204.7339,211.5931,272.8458
148.3497,171.7321,187.7541,413.5617
181.3685,200.3336,227.4857,272.8458
168.6244,173.9322,211.5931,216.5595
157.0389,176.1323,299.0024,216.5595
159.356,189.3331,235.432,216.5595
154.1425,169.532,219.5394,244.7027
159.356,156.3313,219.5394,272.8458
138.502,193.7333,235.432,188.4163
154.7218,191.5332,211.5931,272.8458
154.7218,171.7321,219.5394,272.8458
157.6182,162.9316,235.432,244.7027
159.356,182.7327,211.5931,272.8458
147.7705,162.9316,235.432,300.989
156.4596,140.9305,251.3246,300.989
170.3622,173.9322,259.2709,272.8458
163.4109,191.5332,179.8078,244.7027
163.9902,173.9322,148.0226,160.2732
151.8254,206.934,251.3246,160.2732
157.0389,193.7333,227.4857,216.5595
156.4596,191.5332,219.5394,188.4163
152.9839,165.1318,283.1098,216.5595
161.6731,176.1323,155.9689,357.2754
164.5695,134.3301,235.432,300.989
135.6057,182.7327,235.432,216.5595
154.1425,158.5314,243.3783,329.1322
144.8741,169.532,171.8615,216.5595
159.356,165.1318,235.432,300.989
150.0876,173.9322,187.7541,272.8458
163.4109,184.9328,163.9152,329.1322
158.7767,189.3331,187.7541,216.5595
140.2399,180.5326,299.0024,272.8458
161.0938,193.7333,275.1635,244.7027
150.6668,178.3325,203.6468,160.2732
163.4109,176.1323,187.7541,357.2754
159.9353,178.3325,163.9152,272.8458
172.1001,202.5338,243.3783,216.5595
148.929,215.7345,219.5394,329.1322
165.728,226.735,243.3783,244.7027
163.9902,191.5332,243.3783,329.1322
157.0389,178.3325,195.7005,244.7027
165.728,169.532,219.5394,244.7027
184.8441,202.5338,219.5394,216.5595
165.1487,187.1329,203.6468,188.4163
179.0514,178.3325,267.2172,272.8458
184.2649,167.3319,283.1098,385.4185
218.4422,233.3354,291.0561,272.8458
227.1313,246.5361,195.7005,300.989
239.8754,286.1382,259.2709,385.4185
275.7905,275.1376,338.734,272.8458
288.5346,246.5361,314.895,300.989
338.9316,332.3407,362.5729,357.2754
342.4073,407.1447,394.3581,413.5617
406.1276,358.7421,322.8414,329.1322
421.1888,369.7427,354.6266,638.707
411.9204,492.9493,338.734,385.4185
435.6707,413.745,362.5729,413.5617
450.7319,486.3489,600.9621,469.848
404.3898,424.7456,410.2507,497.9912
352.8342,360.9422,457.9286,469.848
378.9017,389.5437,386.4118,469.848
336.6145,382.9434,386.4118,272.8458
265.9428,354.3419,330.7877,357.2754
287.376,268.5373,370.5192,329.1322
243.9303,286.1382,235.432,385.4185
185.4234,239.9358,227.4857,216.5595
169.783,169.532,187.7541,160.2732
168.0451,180.5326,179.8078,329.1322
151.8254,193.7333,227.4857,244.7027
171.5208,178.3325,211.5931,300.989
148.929,215.7345,211.5931,272.8458
158.7767,206.934,227.4857,272.8458
159.9353,176.1323,187.7541,216.5595
139.6606,173.9322,203.6468,272.8458
161.0938,171.7321,219.5394,188.4163
153.5632,165.1318,243.3783,216.5595
164.5695,200.3336,195.7005,329.1322
159.9353,165.1318,283.1098,300.989
170.3622,180.5326,211.5931,300.989
151.2461,173.9322,251.3246,385.4185
148.929,184.9328,187.7541,188.4163
155.301,191.5332,187.7541,188.4163
168.0451,173.9322,187.7541,188.4163
155.8803,180.5326,251.3246,441.7049
162.8316,165.1318,211.5931,216.5595
159.9353,173.9322,243.3783,329.1322
159.9353,156.3313,235.432,300.989
149.5083,165.1318,187.7541,300.989
173.8379,178.3325,203.6468,244.7027
173.8379,171.7321,195.7005,188.4163
164.5695,143.1306,243.3783,413.5617
166.3073,180.5326,259.2709,160.2732
158.7767,173.9322,227.4857,272.8458
146.6119,167.3319,179.8078,132.13
151.8254,200.3336,235.432,188.4163
159.9353,187.1329,203.6468,216.5595
161.0938,206.934,243.3783,300.989
163.4109,165.1318,203.6468,357.2754
156.4596,195.9334,211.5931,188.4163
153.5632,154.1312,243.3783,216.5595
140.8191,187.1329,267.2172,357.2754
167.4658,187.1329,203.6468,300.989
154.7218,167.3319,283.1098,272.8458
132.13,158.5314,259.2709,160.2732
155.8803,187.1329,243.3783,244.7027
162.2524,182.7327,235.432,216.5595
163.4109,171.7321,203.6468,216.5595
154.1425,193.7333,203.6468,329.1322
143.1362,143.1306,187.7541,244.7027
153.5632,189.3331,259.2709,160.2732
168.6244,178.3325,211.5931,244.7027
159.356,213.5343,219.5394,188.4163
168.0451,184.9328,211.5931,300.989
163.4109,173.9322,259.2709,244.7027
158.1974,176.1323,275.1635,216.5595
167.4658,162.9316,227.4857,244.7027
158.7767,215.7345,235.432,216.5595
172.6793,198.1335,211.5931,244.7027
176.155,191.5332,291.0561,160.2732
194.6918,217.9346,267.2172,272.8458
170.3622,213.5343,211.5931,272.8458
184.2649,202.5338,259.2709,272.8458
206.8566,255.3366,251.3246,329.1322
216.125,257.5367,275.1635,469.848
245.6681,224.5349,322.8414,329.1322
264.205,264.137,251.3246,357.2754
258.4122,303.7392,386.4118,329.1322
285.0589,316.9399,322.8414,497.9912
274.0527,297.1388,299.0024,413.5617
264.205,292.7386,322.8414,441.7049
252.6195,275.1376,370.5192,272.8458
236.3997,215.7345,306.9487,188.4163
239.2961,259.7368,275.1635,244.7027
213.8079,233.3354,338.734,272.8458
209.1737,233.3354,227.4857,300.989
188.8991,209.1341,227.4857,329.1322
190.0576,187.1329,283.1098,357.2754
147.1912,182.7327,195.7005,216.5595
161.0938,200.3336,211.5931,244.7027
151.8254,191.5332,195.7005,216.5595
160.5145,160.7315,211.5931,244.7027
146.6119,184.9328,179.8078,188.4163
158.1974,165.1318,227.4857,329.1322
150.6668,200.3336,267.2172,216.5595
169.783,162.9316,211.5931,300.989
160.5145,176.1323,235.432,216.5595
150.6668,171.7321,179.8078,132.13
164.5695,180.5326,219.5394,244.7027
156.4596,191.5332,227.4857,272.8458
171.5208,187.1329,235.432,300.989
158.7767,187.1329,259.2709,357.2754
169.783,189.3331,235.432,357.2754
149.5083,167.3319,179.8078,357.2754
150.6668,173.9322,219.5394,272.8458
171.5208,158.5314,243.3783,300.989
165.728,178.3325,187.7541,244.7027
169.783,176.1323,283.1098,216.5595
158.1974,169.532,171.8615,329.1322
156.4596,173.9322,211.5931,329.1322
163.4109,176.1323,211.5931,329.1322
179.6306,198.1335,187.7541,160.2732
179.6306,209.1341,203.6468,329.1322
190.0576,222.3348,299.0024,272.8458
197.5882,198.1335,235.432,272.8458
173.2586,209.1341,322.8414,188.4163
199.9053,204.7339,251.3246,272.8458
172.6793,178.3325,243.3783,216.5595
186.0027,187.1329,187.7541,300.989
166.8866,206.934,267.2172,244.7027
173.8379,160.7315,187.7541,244.7027
149.5083,200.3336,211.5931,188.4163
165.1487,178.3325,219.5394,244.7027
156.4596,143.1306,251.3246,329.1322
185.4234,167.3319,251.3246,272.8458
156.4596,180.5326,187.7541,188.4163
162.2524,189.3331,187.7541,244.7027
155.8803,182.7327,227.4857,272.8458
146.0326,222.3348,259.2709,272.8458
146.0326,191.5332,219.5394,216.5595
164.5695,180.5326,219.5394,272.8458
169.783,165.1318,179.8078,188.4163
147.1912,160.7315,227.4857,300.989
166.3073,162.9316,227.4857,244.7027
161.0938,182.7327,227.4857,216.5595
147.7705,176.1323,211.5931,216.5595
158.1974,184.9328,267.2172,300.989
163.4109,180.5326,219.5394,244.7027
163.4109,189.3331,227.4857,216.5595
148.929,195.9334,227.4857,244.7027
155.8803,191.5332,219.5394,272.8458
154.1425,187.1329,267.2172,244.7027
163.9902,200.3336,203.6468,300.989
165.1487,173.9322,235.432,216.5595
171.5208,178.3325,251.3246,329.1322
169.2037,222.3348,195.7005,244.7027
186.0027,211.3342,306.9487,300.989
192.3747,228.9352,243.3783,216.5595
177.8928,204.7339,251.3246,300.989
181.9478,200.3336,243.3783,329.1322
192.3747,204.7339,179.8078,244.7027
186.0027,235.5355,291.0561,272.8458
209.1737,220.1347,243.3783,441.7049
203.381,217.9346,227.4857,441.7049
187.1612,206.934,283.1098,329.1322
194.6918,191.5332,275.1635,357.2754
191.7954,209.1341,259.2709,272.8458
161.0938,198.1335,195.7005,244.7027
162.2524,165.1318,259.2709,188.4163
171.5208,176.1323,227.4857,216.5595
149.5083,178.3325,171.8615,216.5595
149.5083,187.1329,243.3783,244.7027
151.2461,182.7327,243.3783,188.4163
167.4658,180.5326,163.9152,385.4185
162.8316,193.7333,227.4857,244.7027
154.1425,169.532,243.3783,300.989
144.2948,176.1323,251.3246,160.2732
155.301,176.1323,243.3783,244.7027
177.3135,173.9322,195.7005,188.4163
161.6731,184.9328,211.5931,216.5595
157.6182,176.1323,259.2709,300.989
160.5145,184.9328,235.432,272.8458
158.1974,178.3325,203.6468,244.7027
158.7767,171.7321,195.7005,216.5595
162.2524,184.9328,219.5394,272.8458
155.301,184.9328,227.4857,216.5595
143.7155,162.9316,251.3246,329.1322
147.7705,180.5326,227.4857,300.989
173.8379,173.9322,179.8078,244.7027
159.9353,167.3319,195.7005,160.2732
148.929,184.9328,179.8078,244.7027
160.5145,187.1329,235.432,300.989
179.0514,209.1341,243.3783,244.7027
179.0514,222.3348,275.1635,188.4163
197.5882,242.1359,235.432,216.5595
241.0339,239.9358,267.2172,272.8458
265.9428,244.336,283.1098,160.2732
265.3635,281.738,275.1635,216.5595
254.9366,261.9369,314.895,385.4185
232.9241,264.137,306.9487,357.2754
190.6369,239.9358,283.1098,385.4185
188.3198,215.7345,235.432,272.8458
179.6306,187.1329,211.5931,300.989
151.8254,209.1341,195.7005,300.989
169.2037,204.7339,299.0024,244.7027
155.301,198.1335,203.6468,160.2732
152.9839,187.1329,211.5931,357.2754
141.9777,167.3319,275.1635,216.5595
163.9902,182.7327,235.432,272.8458
162.8316,165.1318,243.3783,300.989
159.9353,191.5332,211.5931,244.7027
158.7767,162.9316,219.5394,132.13
158.7767,173.9322,235.432,216.5595
166.3073,180.5326,219.5394,272.8458
150.0876,156.3313,195.7005,329.1322
150.6668,165.1318,227.4857,300.989
150.0876,176.1323,259.2709,244.7027
168.6244,180.5326,346.6803,413.5617
161.6731,193.7333,203.6468,244.7027
152.4047,193.7333,211.5931,272.8458
143.7155,182.7327,235.432,188.4163
155.8803,180.5326,195.7005,413.5617
157.0389,176.1323,227.4857,272.8458
169.2037,169.532,203.6468,160.2732
161.0938,182.7327,203.6468,272.8458
165.1487,165.1318,219.5394,413.5617
158.7767,160.7315,187.7541,329.1322
154.7218,169.532,227.4857,216.5595
154.7218,195.9334,203.6468,244.7027
152.4047,182.7327,203.6468,188.4163
164.5695,200.3336,195.7005,300.989
156.4596,195.9334,219.5394,244.7027
183.6856,180.5326,211.5931,357.2754
168.6244,200.3336,259.2709,272.8458
163.9902,154.1312,219.5394,188.4163
161.6731,176.1323,211.5931,357.2754
165.1487,204.7339,163.9152,385.4185
150.6668,180.5326,227.4857,244.7027
159.356,165.1318,195.7005,216.5595
164.5695,173.9322,219.5394,216.5595
147.1912,173.9322,283.1098,216.5595
146.6119,167.3319,187.7541,385.4185
138.502,167.3319,219.5394,357.2754
155.301,167.3319,235.432,216.5595
151.8254,187.1329,243.3783,216.5595
157.6182,162.9316,243.3783,244.7027
169.2037,167.3319,235.432,272.8458
150.0876,187.1329,195.7005,244.7027
161.0938,211.3342,195.7005,244.7027
144.2948,178.3325,251.3246,216.5595
162.8316,167.3319,211.5931,300.989
158.7767,162.9316,227.4857,300.989
154.7218,158.5314,155.9689,132.13
147.1912,173.9322,187.7541,244.7027
156.4596,176.1323,195.7005,272.8458
144.8741,193.7333,243.3783,329.1322
156.4596,160.7315,235.432,272.8458
149.5083,180.5326,203.6468,216.5595
161.0938,151.9311,235.432,300.989
159.9353,156.3313,235.432,357.2754
170.9415,213.5343,187.7541,244.7027
144.8741,204.7339,211.5931,216.5595
168.6244,217.9346,195.7005,329.1322
169.2037,200.3336,243.3783,216.5595
190.6369,213.5343,243.3783,160.2732
216.7043,222.3348,251.3246,300.989
274.6319,288.3383,314.895,357.2754
326.1875,336.7409,362.5729,385.4185
375.426,380.7433,410.2507,357.2754
422.9267,431.346,481.7675,554.2775
378.3224,358.7421,354.6266,329.1322
333.7181,354.3419,410.2507,441.7049
274.0527,283.9381,314.895,188.4163
234.6619,220.1347,235.432,244.7027
181.9478,224.5349,291.0561,300.989
164.5695,176.1323,219.5394,244.7027
145.4534,213.5343,251.3246,244.7027
157.6182,176.1323,235.432,216.5595
166.8866,149.7309,235.432,216.5595
183.6856,176.1323,219.5394,385.4185
148.3497,198.1335,243.3783,216.5595
168.0451,167.3319,179.8078,216.5595
169.2037,167.3319,219.5394,329.1322
150.0876,191.5332,148.0226,329.1322
165.1487,211.3342,219.5394,329.1322
168.6244,191.5332,251.3246,244.7027
135.6057,158.5314,219.5394,244.7027
155.8803,184.9328,219.5394,272.8458
153.5632,191.5332,187.7541,244.7027
167.4658,184.9328,243.3783,272.8458
167.4658,187.1329,219.5394,300.989
152.9839,169.532,195.7005,216.5595
155.301,213.5343,179.8078,244.7027
162.8316,178.3325,203.6468,216.5595
148.929,167.3319,179.8078,216.5595
153.5632,193.7333,227.4857,244.7027
159.9353,158.5314,267.2172,244.7027
170.9415,173.9322,155.9689,188.4163
151.2461,173.9322,179.8078,188.4163
163.4109,191.5332,211.5931,300.989
157.0389,195.9334,219.5394,244.7027
156.4596,182.7327,235.432,357.2754
157.0389,198.1335,219.5394,244.7027
168.6244,160.7315,243.3783,385.4185
166.3073,173.9322,211.5931,329.1322
157.6182,184.9328,187.7541,132.13
149.5083,180.5326,251.3246,188.4163
154.1425,182.7327,203.6468,300.989
154.7218,169.532,211.5931,272.8458
158.7767,184.9328,338.734,244.7027
156.4596,167.3319,211.5931,188.4163
168.0451,176.1323,179.8078,329.1322
157.0389,202.5338,235.432,300.989
168.6244,182.7327,259.2709,244.7027
158.7767,226.735,203.6468,300.989
174.9964,178.3325,211.5931,329.1322
158.1974,184.9328,259.2709,244.7027
162.8316,187.1329,203.6468,329.1322
154.7218,184.9328,219.5394,244.7027
161.6731,176.1323,219.5394,216.5595
150.0876,171.7321,219.5394,188.4163
156.4596,195.9334,179.8078,272.8458
150.6668,193.7333,227.4857,188.4163
161.0938,213.5343,203.6468,188.4163
168.6244,180.5326,235.432,244.7027
161.6731,198.1335,195.7005,244.7027
166.8866,182.7327,219.5394,272.8458
154.1425,191.5332,235.432,385.4185
148.3497,173.9322,203.6468,216.5595
154.1425,158.5314,267.2172,244.7027
160.5145,180.5326,243.3783,357.2754
147.1912,165.1318,195.7005,300.989
157.0389,184.9328,219.5394,244.7027
143.7155,202.5338,171.8615,160.2732
163.9902,165.1318,163.9152,244.7027
154.7218,173.9322,203.6468,300.989
184.8441,222.3348,235.432,272.8458
227.7106,250.9363,370.5192,216.5595
315.1813,275.1376,394.3581,329.1322
444.9392,437.9463,426.1433,666.8502
531.2513,488.549,449.9823,441.7049
550.3674,534.7515,465.8749,610.5639
524.3,495.1494,489.7138,526.1344
445.5184,409.3448,346.6803,554.2775
330.8217,319.14,370.5192,469.848
223.0764,288.3383,235.432,272.8458
189.4783,184.9328,283.1098,160.2732
163.9902,178.3325,275.1635,357.2754
166.3073,189.3331,211.5931,300.989
147.1912,162.9316,211.5931,160.2732
177.3135,200.3336,219.5394,188.4163
148.3497,162.9316,227.4857,329.1322
140.2399,171.7321,243.3783,357.2754
139.6606,180.5326,243.3783,244.7027
157.6182,160.7315,219.5394,216.5595
157.0389,184.9328,179.8078,244.7027
172.1001,167.3319,235.432,188.4163
162.8316,171.7321,211.5931,357.2754
155.8803,171.7321,259.2709,413.5617
152.9839,200.3336,211.5931,188.4163
167.4658,189.3331,219.5394,300.989
155.301,182.7327,243.3783,244.7027
153.5632,165.1318,243.3783,300.989
147.7705,191.5332,219.5394,300.989
159.356,178.3325,187.7541,216.5595
140.8191,160.7315,148.0226,188.4163
163.9902,171.7321,259.2709,244.7027
176.7343,206.934,235.432,160.2732
161.6731,206.934,219.5394,216.5595
158.1974,180.5326,219.5394,188.4163
162.2524,193.7333,235.432,272.8458
163.4109,202.5338,235.432,272.8458
136.7642,204.7339,251.3246,188.4163
153.5632,182.7327,187.7541,300.989
140.2399,151.9311,243.3783,357.2754
140.8191,173.9322,195.7005,216.5595
155.301,169.532,203.6468,188.4163
163.9902,204.7339,171.8615,272.8458
157.6182,173.9322,211.5931,272.8458
155.301,200.3336,259.2709,160.2732
156.4596,184.9328,227.4857,272.8458
165.728,169.532,227.4857,272.8458
136.1849,171.7321,211.5931,385.4185
157.0389,162.9316,251.3246,216.5595
155.301,195.9334,243.3783,244.7027
153.5632,180.5326,251.3246,188.4163
168.6244,178.3325,227.4857,160.2732
169.2037,184.9328,195.7005,216.5595
160.5145,198.1335,275.1635,272.8458
163.4109,195.9334,259.2709,300.989
157.6182,187.1329,203.6468,300.989
161.6731,173.9322,187.7541,244.7027
173.2586,165.1318,251.3246,188.4163
161.0938,191.5332,235.432,188.4163
174.4172,195.9334,227.4857,216.5595
147.1912,169.532,187.7541,329.1322
157.6182,204.7339,235.432,216.5595
154.7218,187.1329,251.3246,413.5617
156.4596,167.3319,211.5931,272.8458
163.9902,180.5326,195.7005,160.2732
155.8803,184.9328,251.3246,272.8458
165.728,171.7321,203.6468,216.5595
151.8254,204.7339,227.4857,300.989
157.0389,171.7321,251.3246,300.989
156.4596,167.3319,187.7541,329.1322
155.8803,169.532,227.4857,272.8458
156.4596,178.3325,275.1635,216.5595
154.7218,202.5338,275.1635,329.1322
188.3198,211.3342,235.432,216.5595
231.1862,261.9369,322.8414,244.7027
347.6207,327.9405,449.9823,526.1344
440.8842,444.5467,561.2306,779.4229
571.8006,572.1535,616.8547,666.8502
707.9305,613.9557,696.3178,638.707
582.2276,550.1523,688.3715,526.1344
437.4086,484.1488,457.9286,413.5617
306.4921,354.3419,418.197,216.5595
244.5096,248.7362,306.9487,300.989
162.8316,184.9328,227.4857,357.2754
158.1974,171.7321,235.432,300.989
158.7767,165.1318,211.5931,216.5595
159.356,200.3336,155.9689,160.2732
154.7218,182.7327,219.5394,357.2754
166.8866,162.9316,275.1635,216.5595
164.5695,202.5338,243.3783,216.5595
159.9353,176.1323,203.6468,272.8458
148.929,189.3331,203.6468,329.1322
155.8803,162.9316,227.4857,188.4163
173.8379,147.5308,219.5394,188.4163
154.1425,195.9334,219.5394,244.7027
153.5632,165.1318,203.6468,329.1322
166.8866,209.1341,187.7541,272.8458
155.301,165.1318,299.0024,300.989
159.356,180.5326,227.4857,272.8458
172.6793,191.5332,251.3246,300.989
161.0938,165.1318,235.432,300.989
173.2586,180.5326,195.7005,216.5595
166.8866,191.5332,235.432,216.5595
158.7767,202.5338,203.6468,300.989
166.3073,184.9328,243.3783,272.8458
168.6244,209.1341,179.8078,244.7027
155.8803,167.3319,219.5394,244.7027
140.2399,180.5326,187.7541,329.1322
146.0326,198.1335,259.2709,272.8458
170.3622,178.3325,227.4857,160.2732
159.356,160.7315,219.5394,300.989
163.9902,158.5314,227.4857,244.7027
168.6244,149.7309,179.8078,300.989
148.3497,158.5314,187.7541,216.5595
162.8316,158.5314,227.4857,300.989
152.9839,209.1341,235.432,160.2732
148.929,156.3313,211.5931,244.7027
146.6119,224.5349,171.8615,160.2732
169.2037,176.1323,187.7541,300.989
157.6182,193.7333,251.3246,216.5595
151.2461,180.5326,243.3783,216.5595
155.8803,182.7327,195.7005,300.989
155.8803,178.3325,203.6468,300.989
170.3622,200.3336,243.3783,357.2754
207.4359,220.1347,235.432,160.2732
186.0027,244.336,259.2709,272.8458
215.5458,226.735,275.1635,244.7027
184.8441,184.9328,267.2172,272.8458
190.6369,167.3319,195.7005,244.7027
151.2461,180.5326,235.432,272.8458
159.356,209.1341,203.6468,188.4163
158.1974,160.7315,203.6468,357.2754
163.4109,167.3319,275.1635,300.989
153.5632,169.532,211.5931,300.989
158.7767,158.5314,195.7005,132.13
161.0938,132.13,211.5931,385.4185
166.3073,176.1323,243.3783,244.7027
161.0938,173.9322,330.7877,244.7027
151.2461,171.7321,219.5394,244.7027
166.8866,151.9311,187.7541,329.1322
165.1487,182.7327,291.0561,132.13
155.301,173.9322,211.5931,300.989
165.1487,200.3336,219.5394,216.5595
161.0938,180.5326,243.3783,244.7027
161.6731,184.9328,251.3246,244.7027
188.3198,173.9322,235.432,329.1322
214.9665,231.1353,219.5394,329.1322
287.9553,290.5385,330.7877,497.9912
376.0053,455.5473,418.197,694.9934
536.4648,484.1488,489.7138,357.2754
556.1602,598.5549,553.2842,779.4229
483.1714,486.3489,545.3379,526.1344
394.5421,437.9463,513.5527,413.5617
272.3148,297.1388,465.8749,385.4185
202.8017,244.336,211.5931,272.8458
176.7343,204.7339,219.5394,188.4163
162.8316,158.5314,235.432,272.8458
153.5632,178.3325,211.5931,385.4185
157.6182,209.1341,211.5931,160.2732
166.3073,184.9328,227.4857,244.7027
147.7705,202.5338,227.4857,216.5595
155.301,154.1312,275.1635,188.4163
157.6182,193.7333,235.432,329.1322
151.2461,187.1329,275.1635,216.5595
160.5145,187.1329,171.8615,216.5595
160.5145,176.1323,219.5394,272.8458
150.0876,162.9316,171.8615,216.5595
157.6182,195.9334,187.7541,300.989
145.4534,169.532,211.5931,216.5595
158.1974,171.7321,219.5394,160.2732
173.2586,171.7321,267.2172,272.8458
188.3198,189.3331,259.2709,272.8458
168.0451,204.7339,275.1635,244.7027
177.3135,184.9328,283.1098,244.7027
195.8504,220.1347,235.432,272.8458
201.6431,209.1341,219.5394,357.2754
190.6369,206.934,235.432,272.8458
178.4721,195.9334,251.3246,413.5617
157.0389,171.7321,243.3783,160.2732
165.728,165.1318,243.3783,272.8458
163.4109,187.1329,275.1635,216.5595
147.7705,193.7333,179.8078,329.1322
153.5632,193.7333,179.8078,300.989
157.0389,176.1323,195.7005,272.8458
172.6793,169.532,267.2172,244.7027
163.4109,193.7333,195.7005,329.1322
168.6244,187.1329,187.7541,244.7027
145.4534,158.5314,211.5931,188.4163
155.8803,169.532,187.7541,272.8458
144.2948,169.532,211.5931,160.2732
154.7218,160.7315,219.5394,300.989
158.7767,178.3325,219.5394,216.5595
154.1425,195.9334,243.3783,357.2754
173.8379,187.1329,251.3246,216.5595
144.2948,167.3319,203.6468,244.7027
147.1912,158.5314,195.7005,216.5595
154.1425,165.1318,203.6468,300.989
163.4109,184.9328,243.3783,188.4163
153.5632,182.7327,291.0561,216.5595
155.301,204.7339,259.2709,244.7027
161.6731,180.5326,203.6468,244.7027
152.9839,213.5343,283.1098,244.7027
159.9353,173.9322,243.3783,329.1322
166.3073,189.3331,259.2709,188.4163
154.1425,182.7327,235.432,300.989
158.1974,182.7327,179.8078,244.7027
155.8803,180.5326,227.4857,160.2732
142.557,193.7333,227.4857,244.7027
160.5145,184.9328,235.432,188.4163
171.5208,180.5326,227.4857,300.989
148.929,178.3325,283.1098,272.8458
154.7218,195.9334,195.7005,188.4163
151.2461,167.3319,211.5931,272.8458
151.8254,173.9322,163.9152,244.7027
172.6793,147.5308,211.5931,188.4163
154.1425,176.1323,227.4857,188.4163
158.1974,180.5326,283.1098,357.2754
158.1974,158.5314,259.2709,357.2754
159.9353,191.5332,195.7005,216.5595
156.4596,198.1335,243.3783,272.8458
163.9902,178.3325,267.2172,329.1322
157.0389,173.9322,235.432,244.7027
142.557,193.7333,203.6468,272.8458
147.7705,198.1335,259.2709,272.8458
163.9902,176.1323,251.3246,244.7027
166.8866,178.3325,243.3783,244.7027
156.4596,176.1323,211.5931,272.8458
156.4596,193.7333,219.5394,385.4185
163.9902,171.7321,251.3246,216.5595
155.8803,158.5314,179.8078,160.2732
148.3497,204.7339,155.9689,272.8458
163.4109,180.5326,211.5931,300.989
148.3497,202.5338,187.7541,216.5595
163.4109,176.1323,195.7005,188.4163
155.301,160.7315,132.13,272.8458
159.9353,158.5314,203.6468,300.989
165.1487,187.1329,219.5394,188.4163
156.4596,182.7327,259.2709,300.989
155.301,189.3331,211.5931,160.2732
162.8316,176.1323,235.432,216.5595
163.9902,165.1318,211.5931,188.4163
150.0876,187.1329,203.6468,441.7049
155.301,191.5332,203.6468,244.7027
164.5695,180.5326,203.6468,188.4163
157.6182,169.532,227.4857,216.5595
150.6668,191.5332,219.5394,244.7027
166.8866,191.5332,243.3783,244.7027
148.929,154.1312,211.5931,300.989
170.9415,176.1323,211.5931,272.8458
155.301,231.1353,211.5931,188.4163
158.1974,173.9322,227.4857,329.1322
148.3497,215.7345,259.2709,244.7027
156.4596,178.3325,219.5394,272.8458
141.3984,180.5326,235.432,272.8458
145.4534,176.1323,211.5931,188.4163
163.9902,171.7321,211.5931,216.5595
144.8741,191.5332,227.4857,272.8458
165.1487,165.1318,235.432,272.8458
157.0389,169.532,243.3783,244.7027
167.4658,184.9328,219.5394,385.4185
165.728,189.3331,251.3246,300.989
151.2461,204.7339,243.3783,272.8458
163.4109,167.3319,219.5394,216.5595
149.5083,180.5326,235.432,188.4163
150.0876,173.9322,195.7005,188.4163
150.6668,182.7327,227.4857,441.7049
168.6244,187.1329,275.1635,216.5595
166.3073,165.1318,203.6468,188.4163
156.4596,173.9322,187.7541,272.8458
159.356,173.9322,195.7005,357.2754
162.2524,147.5308,235.432,272.8458
158.1974,180.5326,211.5931,357.2754
156.4596,182.7327,243.3783,188.4163
165.728,206.934,219.5394,329.1322
151.2461,176.1323,211.5931,216.5595
162.2524,200.3336,195.7005,300.989
151.2461,182.7327,195.7005,216.5595
144.8741,176.1323,171.8615,329.1322
162.8316,182.7327,227.4857,216.5595
148.929,169.532,163.9152,244.7027
172.1001,187.1329,291.0561,244.7027
155.301,178.3325,155.9689,272.8458
157.0389,209.1341,259.2709,272.8458
153.5632,191.5332,171.8615,244.7027
159.356,184.9328,211.5931,216.5595
152.4047,213.5343,227.4857,160.2732
150.6668,209.1341,275.1635,300.989
174.4172,182.7327,227.4857,300.989
143.1362,160.7315,227.4857,272.8458
151.8254,200.3336,243.3783,216.5595
161.6731,213.5343,179.8078,160.2732
165.728,202.5338,251.3246,300.989
152.9839,180.5326,291.0561,385.4185
159.9353,176.1323,195.7005,216.5595
141.3984,151.9311,195.7005,272.8458
153.5632,182.7327,211.5931,244.7027
156.4596,169.532,243.3783,216.5595
154.1425,191.5332,211.5931,160.2732
164.5695,213.5343,219.5394,216.5595
157.6182,224.5349,179.8078,469.848
173.2586,167.3319,235.432,244.7027
147.7705,193.7333,259.2709,160.2732
154.1425,204.7339,179.8078,216.5595
148.3497,171.7321,243.3783,357.2754
163.4109,180.5326,243.3783,188.4163
151.2461,151.9311,267.2172,244.7027
151.2461,200.3336,179.8078,244.7027
155.301,169.532,187.7541,188.4163
165.1487,182.7327,227.4857,244.7027
173.2586,158.5314,267.2172,216.5595
160.5145,187.1329,211.5931,216.5595
147.1912,220.1347,195.7005,300.989
151.8254,176.1323,235.432,132.13
158.1974,215.7345,219.5394,272.8458
168.0451,184.9328,243.3783,300.989
158.1974,195.9334,227.4857,272.8458
161.0938,187.1329,251.3246,216.5595
160.5145,176.1323,243.3783,272.8458
161.6731,176.1323,243.3783,244.7027
159.356,191.5332,227.4857,244.7027
141.3984,167.3319,227.4857,300.989
161.6731,191.5332,227.4857,357.2754
157.6182,171.7321,259.2709,272.8458
161.0938,160.7315,187.7541,272.8458
163.4109,182.7327,195.7005,329.1322
151.8254,171.7321,251.3246,300.989
154.1425,162.9316,259.2709,244.7027
152.4047,198.1335,267.2172,216.5595
148.3497,165.1318,243.3783,244.7027
158.1974,209.1341,235.432,272.8458
156.4596,160.7315,243.3783,188.4163
152.9839,167.3319,171.8615,216.5595
165.1487,167.3319,275.1635,244.7027
162.8316,165.1318,251.3246,216.5595
164.5695,167.3319,171.8615,216.5595
152.9839,169.532,227.4857,188.4163
142.557,160.7315,171.8615,244.7027
142.557,217.9346,235.432,272.8458
146.0326,204.7339,259.2709,357.2754
155.301,169.532,219.5394,300.989
144.2948,211.3342,203.6468,272.8458
147.7705,200.3336,171.8615,188.4163
170.3622,169.532,251.3246,244.7027
144.8741,191.5332,187.7541,188.4163
143.7155,176.1323,227.4857,188.4163
159.9353,200.3336,267.2172,244.7027
146.6119,154.1312,259.2709,329.1322
181.9478,151.9311,243.3783,272.8458
162.2524,202.5338,211.5931,244.7027
155.301,165.1318,243.3783,244.7027
150.0876,202.5338,211.5931,272.8458
147.7705,182.7327,259.2709,329.1322
133.8678,156.3313,187.7541,244.7027
152.9839,184.9328,227.4857,216.5595
154.7218,189.3331,187.7541,216.5595
148.3497,202.5338,291.0561,272.8458
140.2399,189.3331,179.8078,300.989
161.6731,176.1323,243.3783,272.8458
158.1974,154.1312,227.4857,132.13
146.6119,187.1329,179.8078,244.7027
175.5757,200.3336,243.3783,244.7027
160.5145,173.9322,187.7541,244.7027
176.7343,178.3325,187.7541,216.5595
156.4596,195.9334,195.7005,272.8458
164.5695,151.9311,171.8615,216.5595
151.8254,178.3325,227.4857,132.13
167.4658,178.3325,235.432,244.7027
144.2948,226.735,235.432,329.1322
155.8803,171.7321,219.5394,300.989
155.301,173.9322,259.2709,216.5595
164.5695,180.5326,299.0024,188.4163
143.7155,169.532,251.3246,244.7027
166.3073,178.3325,251.3246,216.5595
169.2037,187.1329,235.432,357.2754
170.9415,213.5343,211.5931,244.7027
163.4109,171.7321,235.432,300.989
160.5145,167.3319,203.6468,216.5595
160.5145,178.3325,275.1635,357.2754
170.9415,195.9334,219.5394,329.1322
164.5695,169.532,251.3246,244.7027
164.5695,160.7315,219.5394,244.7027
156.4596,176.1323,219.5394,357.2754
145.4534,193.7333,267.2172,244.7027
155.8803,154.1312,211.5931,244.7027
155.8803,176.1323,227.4857,300.989
162.2524,187.1329,187.7541,216.5595
162.8316,167.3319,267.2172,300.989
168.6244,202.5338,227.4857,272.8458
146.6119,176.1323,195.7005,300.989
162.8316,167.3319,203.6468,188.4163
144.2948,136.5302,251.3246,244.7027
162.2524,202.5338,211.5931,244.7027
158.7767,182.7327,227.4857,244.7027
158.7767,158.5314,211.5931,216.5595
148.929,145.3307,235.432,272.8458
151.2461,180.5326,203.6468,188.4163
146.6119,182.7327,267.2172,188.4163
153.5632,160.7315,299.0024,385.4185
157.0389,167.3319,195.7005,272.8458
144.2948,198.1335,243.3783,216.5595
161.6731,189.3331,211.5931,216.5595
163.9902,180.5326,195.7005,300.989
164.5695,187.1329,275.1635,329.1322
160.5145,176.1323,187.7541,272.8458
152.4047,184.9328,179.8078,272.8458
154.1425,189.3331,163.9152,272.8458
156.4596,169.532,203.6468,244.7027
151.2461,182.7327,211.5931,188.4163
155.8803,193.7333,227.4857,300.989
158.1974,162.9316,187.7541,300.989
147.1912,176.1323,187.7541,300.989
152.4047,160.7315,187.7541,272.8458
163.4109,178.3325,195.7005,216.5595
150.0876,169.532,227.4857,244.7027
161.6731,189.3331,179.8078,188.4163
162.8316,222.3348,235.432,188.4163
168.0451,160.7315,235.432,385.4185
170.9415,162.9316,187.7541,272.8458
140.8191,187.1329,211.5931,188.4163
155.301,191.5332,219.5394,244.7027
170.9415,158.5314,243.3783,216.5595
158.7767,187.1329,219.5394,300.989
139.6606,178.3325,259.2709,216.5595
161.6731,198.1335,219.5394,244.7027
153.5632,178.3325,243.3783,244.7027
155.301,176.1323,267.2172,329.1322
172.6793,176.1323,291.0561,272.8458
180.2099,189.3331,195.7005,188.4163
160.5145,171.7321,227.4857,272.8458
168.0451,220.1347,267.2172,300.989
150.6668,189.3331,243.3783,300.989
144.8741,178.3325,251.3246,244.7027
147.1912,187.1329,283.1098,244.7027
154.1425,182.7327,235.432,160.2732
150.0876,233.3354,227.4857,300.989
161.0938,176.1323,219.5394,329.1322
141.9777,165.1318,195.7005,244.7027
145.4534,195.9334,259.2709,272.8458
157.0389,182.7327,227.4857,216.5595
160.5145,200.3336,267.2172,216.5595
167.4658,180.5326,211.5931,272.8458
173.2586,200.3336,235.432,413.5617
140.8191,195.9334,203.6468,216.5595
155.8803,173.9322,163.9152,216.5595
160.5145,176.1323,243.3783,244.7027
161.0938,160.7315,243.3783,216.5595
156.4596,160.7315,227.4857,272.8458
150.6668,187.1329,235.432,216.5595
156.4596,200.3336,195.7005,160.2732
159.9353,176.1323,211.5931,272.8458
146.6119,184.9328,267.2172,188.4163
158.7767,180.5326,171.8615,244.7027
171.5208,189.3331,219.5394,188.4163
151.8254,220.1347,203.6468,272.8458
142.557,204.7339,219.5394,272.8458
148.3497,182.7327,243.3783,272.8458
174.9964,184.9328,195.7005,329.1322
150.6668,195.9334,243.3783,300.989
175.5757,158.5314,227.4857,385.4185
165.1487,184.9328,259.2709,132.13
158.7767,191.5332,235.432,300.989
156.4596,169.532,187.7541,188.4163
158.1974,204.7339,251.3246,554.2775
155.301,178.3325,227.4857,216.5595
159.9353,149.7309,187.7541,188.4163
158.1974,167.3319,227.4857,216.5595
150.0876,160.7315,171.8615,272.8458
156.4596,169.532,195.7005,188.4163
144.8741,187.1329,235.432,329.1322
165.728,169.532,235.432,329.1322
150.6668,162.9316,211.5931,272.8458
146.0326,184.9328,219.5394,329.1322
156.4596,176.1323,259.2709,216.5595
157.6182,165.1318,219.5394,188.4163
158.1974,167.3319,211.5931,244.7027
162.8316,180.5326,227.4857,216.5595
146.6119,195.9334,227.4857,357.2754
159.9353,178.3325,195.7005,188.4163
136.7642,176.1323,203.6468,272.8458
159.356,151.9311,235.432,216.5595
144.8741,189.3331,219.5394,216.5595
152.9839,165.1318,195.7005,216.5595
157.0389,173.9322,195.7005,300.989
160.5145,200.3336,219.5394,329.1322
150.6668,154.1312,203.6468,244.7027
151.8254,176.1323,195.7005,216.5595
161.0938,189.3331,179.8078,244.7027
169.783,169.532,243.3783,300.989
168.6244,167.3319,195.7005,272.8458
154.1425,189.3331,227.4857,216.5595
167.4658,182.7327,235.432,244.7027
158.1974,180.5326,251.3246,216.5595
161.0938,217.9346,235.432,216.5595
163.9902,198.1335,219.5394,272.8458
178.4721,189.3331,243.3783,244.7027
168.0451,204.7339,259.2709,357.2754
177.8928,187.1329,251.3246,357.2754
164.5695,204.7339,251.3246,272.8458
168.6244,160.7315,195.7005,244.7027
164.5695,215.7345,195.7005,329.1322
161.6731,169.532,219.5394,188.4163
180.7892,162.9316,219.5394,357.2754
156.4596,200.3336,283.1098,272.8458
159.9353,189.3331,227.4857,357.2754
158.1974,193.7333,243.3783,216.5595
152.9839,202.5338,187.7541,188.4163
148.929,193.7333,267.2172,160.2732
150.6668,195.9334,299.0024,272.8458
165.728,165.1318,267.2172,244.7027
168.6244,149.7309,267.2172,244.7027
154.7218,198.1335,219.5394,329.1322
146.6119,162.9316,195.7005,160.2732
151.8254,156.3313,259.2709,385.4185
156.4596,182.7327,235.432,216.5595
144.2948,191.5332,219.5394,272.8458
146.6119,169.532,251.3246,160.2732
157.6182,176.1323,235.432,188.4163
145.4534,189.3331,211.5931,300.989
154.7218,202.5338,211.5931,188.4163
148.929,162.9316,195.7005,244.7027
157.0389,178.3325,219.5394,244.7027
152.4047,211.3342,211.5931,300.989
166.3073,173.9322,235.432,272.8458
165.728,187.1329,211.5931,272.8458
181.9478,200.3336,227.4857,216.5595
154.7218,202.5338,259.2709,216.5595
171.5208,215.7345,163.9152,188.4163
172.1001,224.5349,251.3246,329.1322
162.2524,182.7327,195.7005,300.989
167.4658,191.5332,275.1635,300.989
172.1001,160.7315,251.3246,244.7027
165.728,160.7315,195.7005,244.7027
160.5145,195.9334,211.5931,300.989
161.0938,162.9316,283.1098,160.2732
151.2461,189.3331,195.7005,244.7027
136.7642,191.5332,155.9689,357.2754
153.5632,213.5343,306.9487,216.5595
150.6668,158.5314,251.3246,329.1322
177.3135,165.1318,235.432,329.1322
168.0451,162.9316,219.5394,300.989
157.0389,189.3331,195.7005,244.7027
150.0876,182.7327,203.6468,216.5595
154.7218,173.9322,243.3783,357.2754
155.301,180.5326,187.7541,244.7027
153.5632,167.3319,275.1635,357.2754
153.5632,202.5338,195.7005,188.4163
154.1425,180.5326,227.4857,188.4163
161.0938,189.3331,227.4857,329.1322
169.2037,156.3313,235.432,188.4163
155.301,182.7327,275.1635,357.2754
168.0451,187.1329,251.3246,300.989
147.7705,204.7339,211.5931,357.2754
154.7218,178.3325,171.8615,272.8458
145.4534,189.3331,227.4857,244.7027
151.8254,211.3342,203.6468,244.7027
145.4534,195.9334,219.5394,216.5595
155.8803,182.7327,211.5931,216.5595
163.9902,178.3325,211.5931,272.8458
160.5145,156.3313,219.5394,216.5595
143.7155,178.3325,267.2172,300.989
159.356,195.9334,171.8615,244.7027
158.1974,176.1323,227.4857,188.4163
156.4596,195.9334,251.3246,188.4163
161.6731,149.7309,235.432,272.8458
192.3747,209.1341,195.7005,300.989
187.1612,257.5367,251.3246,272.8458
193.5333,222.3348,275.1635,300.989
201.0639,283.9381,314.895,272.8458
226.552,264.137,267.2172,300.989
222.4971,255.3366,259.2709,300.989
217.2836,228.9352,267.2172,216.5595
210.3323,213.5343,362.5729,329.1322
202.2224,211.3342,227.4857,300.989
172.1001,193.7333,227.4857,188.4163
174.4172,193.7333,227.4857,329.1322
156.4596,178.3325,251.3246,244.7027
156.4596,206.934,267.2172,329.1322
148.929,173.9322,211.5931,216.5595
157.0389,169.532,227.4857,244.7027
151.2461,167.3319,187.7541,188.4163
172.1001,182.7327,243.3783,272.8458
161.0938,193.7333,211.5931,272.8458
157.0389,182.7327,211.5931,244.7027
150.6668,204.7339,171.8615,216.5595
161.0938,162.9316,148.0226,216.5595
150.6668,184.9328,211.5931,216.5595
154.1425,189.3331,211.5931,300.989
163.4109,182.7327,219.5394,272.8458
158.7767,173.9322,227.4857,244.7027
151.8254,171.7321,306.9487,216.5595
158.7767,189.3331,171.8615,329.1322
165.1487,145.3307,243.3783,300.989
169.2037,198.1335,211.5931,272.8458
177.3135,244.336,259.2709,244.7027
202.8017,191.5332,235.432,272.8458
187.7405,222.3348,322.8414,385.4185
206.8566,228.9352,267.2172,272.8458
239.2961,290.5385,267.2172,300.989
228.2898,264.137,243.3783,216.5595
200.4846,239.9358,211.5931,272.8458
213.2287,224.5349,219.5394,272.8458
205.6981,215.7345,211.5931,272.8458
178.4721,198.1335,291.0561,329.1322
183.1063,182.7327,219.5394,300.989
154.7218,184.9328,251.3246,300.989
155.8803,162.9316,219.5394,216.5595
156.4596,182.7327,219.5394,216.5595
151.8254,169.532,203.6468,160.2732
152.4047,169.532,219.5394,272.8458
165.728,202.5338,235.432,188.4163
166.3073,187.1329,259.2709,329.1322
159.356,178.3325,155.9689,244.7027
155.8803,165.1318,219.5394,216.5595
148.3497,204.7339,259.2709,216.5595
154.1425,176.1323,251.3246,441.7049
165.728,147.5308,227.4857,272.8458
156.4596,198.1335,187.7541,300.989
165.1487,176.1323,219.5394,357.2754
150.0876,169.532,179.8078,188.4163
147.1912,195.9334,203.6468,244.7027
154.7218,169.532,211.5931,216.5595
153.5632,191.5332,251.3246,300.989
148.929,195.9334,163.9152,244.7027
152.9839,193.7333,243.3783,216.5595
164.5695,160.7315,243.3783,329.1322
157.6182,173.9322,203.6468,300.989
162.8316,191.5332,203.6468,188.4163
151.8254,184.9328,235.432,272.8458
165.728,206.934,219.5394,300.989
151.2461,173.9322,251.3246,272.8458
158.7767,200.3336,203.6468,244.7027
142.557,145.3307,227.4857,329.1322
134.4471,213.5343,243.3783,357.2754
158.1974,189.3331,267.2172,329.1322
174.9964,158.5314,187.7541,160.2732
168.6244,187.1329,179.8078,216.5595
208.5945,242.1359,291.0561,160.2732
225.9727,246.5361,291.0561,357.2754
305.9129,231.1353,362.5729,244.7027
334.2974,354.3419,394.3581,272.8458
374.8467,321.3401,434.0896,497.9912
371.9503,376.343,449.9823,497.9912
320.974,316.9399,354.6266,357.2754
275.7905,352.1417,394.3581,216.5595
253.778,259.7368,299.0024,441.7049
207.4359,255.3366,227.4857,300.989
162.8316,222.3348,219.5394,300.989
169.783,191.5332,219.5394,300.989
148.929,165.1318,203.6468,300.989
152.9839,189.3331,267.2172,329.1322
163.9902,158.5314,179.8078,216.5595
168.6244,191.5332,179.8078,244.7027
151.8254,193.7333,219.5394,244.7027
159.9353,158.5314,163.9152,160.2732
158.7767,149.7309,203.6468,216.5595
168.0451,171.7321,227.4857,216.5595
160.5145,167.3319,227.4857,300.989
158.7767,189.3331,187.7541,272.8458
148.929,187.1329,251.3246,188.4163
154.1425,173.9322,179.8078,188.4163
155.301,154.1312,219.5394,160.2732
154.1425,180.5326,219.5394,329.1322
170.9415,198.1335,235.432,244.7027
174.9964,167.3319,251.3246,357.2754
183.1063,178.3325,251.3246,272.8458
192.954,244.336,235.432,357.2754
261.8879,301.539,291.0561,300.989
282.1625,290.5385,370.5192,300.989
339.5109,385.1435,354.6266,413.5617
339.5109,400.5443,418.197,413.5617
346.4622,398.3442,378.4655,244.7027
336.6145,354.3419,378.4655,385.4185
286.7967,301.539,306.9487,441.7049
223.0764,292.7386,291.0561,272.8458
202.8017,272.9375,267.2172,300.989
185.4234,182.7327,203.6468,244.7027
154.7218,213.5343,267.2172,300.989
152.4047,184.9328,251.3246,160.2732
155.8803,169.532,259.2709,216.5595
169.783,178.3325,227.4857,244.7027
165.1487,171.7321,211.5931,216.5595
152.9839,156.3313,243.3783,188.4163
166.3073,171.7321,219.5394,385.4185
170.9415,193.7333,211.5931,385.4185
151.8254,167.3319,195.7005,413.5617
158.7767,160.7315,219.5394,357.2754
158.1974,182.7327,235.432,160.2732
159.356,171.7321,251.3246,300.989
158.7767,158.5314,259.2709,188.4163
169.2037,184.9328,275.1635,300.989
162.8316,187.1329,187.7541,244.7027
162.8316,180.5326,203.6468,272.8458
152.4047,158.5314,195.7005,413.5617
154.1425,171.7321,227.4857,300.989
158.7767,189.3331,203.6468,413.5617
159.9353,204.7339,195.7005,244.7027
144.2948,239.9358,195.7005,188.4163
157.0389,187.1329,227.4857,244.7027
158.7767,160.7315,195.7005,244.7027
160.5145,165.1318,235.432,300.989
165.728,171.7321,203.6468,244.7027
168.6244,162.9316,195.7005,188.4163
155.301,182.7327,179.8078,216.5595
153.5632,167.3319,179.8078,132.13
154.7218,176.1323,235.432,216.5595
163.4109,211.3342,227.4857,272.8458
183.6856,178.3325,251.3246,300.989
173.2586,226.735,211.5931,357.2754
238.1375,242.1359,275.1635,300.989
286.2175,266.3372,314.895,300.989
364.4198,343.3413,354.6266,441.7049
477.9579,532.5514,449.9823,526.1344
577.0141,543.552,672.4788,554.2775
594.3924,583.1541,577.1232,751.2797
518.5072,517.1506,489.7138,694.9934
436.8293,446.7468,481.7675,385.4185
315.7606,398.3442,362.5729,441.7049
252.6195,259.7368,259.2709,216.5595
189.4783,246.5361,251.3246,244.7027
164.5695,173.9322,338.734,272.8458
148.929,215.7345,219.5394,188.4163
170.3622,156.3313,283.1098,385.4185
163.9902,182.7327,227.4857,272.8458
154.7218,171.7321,211.5931,272.8458
162.2524,178.3325,187.7541,216.5595
161.6731,200.3336,267.2172,244.7027
139.0813,154.1312,227.4857,160.2732
152.9839,191.5332,243.3783,216.5595
172.1001,171.7321,203.6468,216.5595
168.6244,178.3325,203.6468,188.4163
141.9777,178.3325,211.5931,188.4163
166.3073,160.7315,219.5394,216.5595
150.6668,191.5332,195.7005,272.8458
144.8741,182.7327,219.5394,272.8458
159.356,195.9334,203.6468,216.5595
179.6306,224.5349,235.432,244.7027
184.8441,220.1347,322.8414,244.7027
239.8754,250.9363,291.0561,329.1322
316.3398,332.3407,410.2507,357.2754
443.2013,431.346,410.2507,300.989
525.4585,508.3501,593.0158,497.9912
560.2151,567.7533,577.1232,497.9912
574.1177,580.954,497.6601,526.1344
482.5921,451.147,465.8749,526.1344
386.4323,365.3424,394.3581,357.2754
311.7056,308.1394,378.4655,441.7049
213.2287,233.3354,267.2172,441.7049
194.6918,217.9346,299.0024,329.1322
173.8379,209.1341,203.6468,188.4163
166.8866,180.5326,267.2172,244.7027
147.1912,198.1335,211.5931,188.4163
161.0938,200.3336,227.4857,300.989
133.2886,151.9311,219.5394,385.4185
160.5145,202.5338,227.4857,244.7027
159.356,158.5314,275.1635,329.1322
152.9839,193.7333,259.2709,188.4163
156.4596,187.1329,179.8078,329.1322
154.7218,178.3325,251.3246,216.5595
164.5695,195.9334,211.5931,244.7027
152.4047,151.9311,259.2709,329.1322
140.8191,171.7321,227.4857,160.2732
148.929,162.9316,179.8078,216.5595
173.8379,180.5326,235.432,272.8458
150.6668,182.7327,179.8078,244.7027
176.155,176.1323,227.4857,272.8458
165.1487,193.7333,203.6468,216.5595
157.6182,180.5326,259.2709,244.7027
152.4047,184.9328,267.2172,272.8458
145.4534,176.1323,219.5394,272.8458
154.7218,154.1312,227.4857,244.7027
160.5145,191.5332,187.7541,272.8458
158.1974,171.7321,211.5931,272.8458
160.5145,162.9316,235.432,300.989
161.0938,165.1318,203.6468,272.8458
169.2037,178.3325,227.4857,272.8458
157.0389,171.7321,219.5394,188.4163
160.5145,198.1335,267.2172,188.4163
144.2948,167.3319,259.2709,244.7027
190.0576,209.1341,203.6468,216.5595
208.5945,228.9352,195.7005,244.7027
223.6556,235.5355,434.0896,441.7049
352.255,341.1412,473.8212,357.2754
459.4211,495.1494,489.7138,469.848
622.1977,629.3565,624.801,526.1344
764.6996,754.7632,775.7808,807.5661
724.1503,743.7626,743.9956,694.9934
643.0516,633.7568,624.801,723.1365
494.7569,512.7503,608.9084,554.2775
378.3224,400.5443,426.1433,441.7049
280.4247,286.1382,330.7877,300.989
206.8566,193.7333,291.0561,244.7027
189.4783,211.3342,211.5931,300.989
166.8866,184.9328,195.7005,329.1322
146.6119,182.7327,235.432,244.7027
161.6731,187.1329,283.1098,300.989
140.8191,184.9328,251.3246,244.7027
155.8803,165.1318,211.5931,216.5595
151.8254,204.7339,203.6468,160.2732
157.0389,156.3313,227.4857,357.2754
148.929,171.7321,179.8078,216.5595
155.8803,151.9311,235.432,329.1322
157.6182,158.5314,227.4857,244.7027
155.8803,180.5326,275.1635,329.1322
158.7767,173.9322,211.5931,244.7027
147.1912,132.13,179.8078,272.8458
158.7767,176.1323,227.4857,216.5595
177.3135,167.3319,203.6468,244.7027
192.3747,193.7333,267.2172,244.7027
214.3872,209.1341,243.3783,300.989
246.8267,264.137,322.8414,272.8458
375.426,402.7444,497.6601,582.4207
490.702,523.7509,577.1232,582.4207
650.5822,611.7556,608.9084,666.8502
717.7782,805.3659,648.6399,526.1344
763.5411,778.9645,751.9419,807.5661
607.7158,640.3571,600.9621,469.848
463.476,457.7474,513.5527,300.989
347.6207,374.1429,426.1433,385.4185
237.5583,231.1353,283.1098,300.989
201.6431,244.336,259.2709,216.5595
151.2461,169.532,243.3783,244.7027
150.0876,167.3319,267.2172,244.7027
151.8254,182.7327,251.3246,188.4163
170.3622,189.3331,211.5931,216.5595
156.4596,160.7315,211.5931,188.4163
158.1974,162.9316,243.3783,244.7027
162.8316,189.3331,203.6468,300.989
166.3073,182.7327,203.6468,132.13
155.301,173.9322,203.6468,357.2754
161.0938,173.9322,203.6468,160.2732
145.4534,176.1323,219.5394,160.2732
154.1425,191.5332,259.2709,244.7027
149.5083,211.3342,211.5931,244.7027
154.1425,176.1323,267.2172,216.5595
162.2524,224.5349,211.5931,244.7027
179.6306,204.7339,235.432,357.2754
148.929,202.5338,211.5931,272.8458
158.1974,187.1329,219.5394,244.7027
168.6244,184.9328,227.4857,244.7027
171.5208,217.9346,211.5931,244.7027
150.0876,147.5308,267.2172,244.7027
148.929,182.7327,195.7005,216.5595
158.1974,167.3319,267.2172,188.4163
161.6731,169.532,219.5394,244.7027
154.1425,156.3313,203.6468,357.2754
152.9839,176.1323,235.432,244.7027
146.0326,200.3336,219.5394,160.2732
167.4658,195.9334,219.5394,272.8458
144.8741,169.532,203.6468,188.4163
154.7218,184.9328,211.5931,188.4163
187.1612,165.1318,243.3783,357.2754
201.0639,226.735,275.1635,497.9912
245.6681,264.137,314.895,244.7027
348.2,363.1423,354.6266,357.2754
480.8543,490.7491,434.0896,441.7049
611.7707,640.3571,672.4788,694.9934
772.2302,739.3624,696.3178,469.848
782.0779,712.961,807.5661,751.2797
708.5098,761.3636,767.8345,526.1344
524.3,583.1541,640.6936,582.4207
406.7069,367.5426,418.197,385.4185
246.8267,290.5385,330.7877,385.4185
197.5882,235.5355,211.5931,272.8458
161.0938,213.5343,219.5394,216.5595
162.8316,143.1306,267.2172,385.4185
154.7218,178.3325,195.7005,188.4163
152.4047,180.5326,251.3246,244.7027
157.0389,184.9328,203.6468,272.8458
160.5145,189.3331,195.7005,216.5595
138.502,171.7321,259.2709,272.8458
167.4658,198.1335,251.3246,244.7027
153.5632,176.1323,163.9152,216.5595
159.9353,202.5338,251.3246,188.4163
158.7767,171.7321,211.5931,329.1322
141.9777,176.1323,306.9487,329.1322
147.7705,156.3313,219.5394,216.5595
146.6119,169.532,283.1098,188.4163
154.7218,171.7321,203.6468,385.4185
152.9839,158.5314,179.8078,244.7027
187.7405,204.7339,243.3783,216.5595
200.4846,198.1335,235.432,272.8458
267.6806,301.539,259.2709,244.7027
381.2188,387.3436,497.6601,300.989
494.1776,550.1523,521.499,469.848
689.973,767.9639,664.5325,610.5639
807.5661,807.5661,664.5325,779.4229
719.5161,708.5608,807.5661,694.9934
638.4174,605.1552,624.801,723.1365
465.2138,514.9504,465.8749,413.5617
348.7793,345.5414,434.0896,272.8458
247.9852,237.7356,378.4655,244.7027
202.2224,231.1353,235.432,272.8458
178.4721,215.7345,306.9487,244.7027
159.9353,191.5332,187.7541,272.8458
159.9353,217.9346,211.5931,132.13
157.6182,189.3331,219.5394,216.5595
158.7767,178.3325,211.5931,216.5595
155.8803,193.7333,235.432,357.2754
155.8803,147.5308,235.432,272.8458
141.9777,176.1323,203.6468,188.4163
161.6731,182.7327,275.1635,244.7027
169.783,158.5314,227.4857,188.4163
154.7218,189.3331,275.1635,300.989
177.8928,182.7327,179.8078,216.5595
159.356,178.3325,211.5931,244.7027
162.2524,209.1341,251.3246,300.989
195.8504,217.9346,219.5394,272.8458
219.0214,209.1341,267.2172,385.4185
194.1126,206.934,291.0561,216.5595
176.7343,209.1341,243.3783,244.7027
168.0451,182.7327,211.5931,329.1322
163.9902,173.9322,243.3783,272.8458
154.7218,189.3331,187.7541,272.8458
158.7767,200.3336,243.3783,216.5595
163.9902,211.3342,275.1635,357.2754
162.2524,167.3319,219.5394,160.2732
156.4596,189.3331,187.7541,188.4163
151.8254,189.3331,243.3783,216.5595
168.0451,187.1329,187.7541,160.2732
146.0326,187.1329,235.432,272.8458
161.6731,178.3325,203.6468,160.2732
173.8379,182.7327,219.5394,272.8458
151.2461,167.3319,267.2172,188.4163
170.9415,200.3336,243.3783,554.2775
224.8142,213.5343,291.0561,272.8458
272.8941,330.1406,362.5729,413.5617
402.0727,420.3454,426.1433,300.989
508.6595,499.5496,545.3379,413.5617
600.7644,602.9551,728.103,582.4207
623.9355,633.7568,704.2641,385.4185
568.9043,589.7544,521.499,610.5639
423.5059,402.7444,505.6064,526.1344
311.1263,365.3424,314.895,413.5617
232.9241,246.5361,291.0561,272.8458
186.0027,202.5338,219.5394,272.8458
169.2037,182.7327,163.9152,272.8458
148.929,173.9322,267.2172,216.5595
161.6731,173.9322,187.7541,188.4163
155.301,156.3313,211.5931,188.4163
147.7705,182.7327,219.5394,385.4185
152.4047,160.7315,267.2172,357.2754
151.2461,189.3331,211.5931,188.4163
153.5632,195.9334,211.5931,244.7027
157.0389,173.9322,203.6468,272.8458
146.6119,187.1329,291.0561,357.2754
152.4047,184.9328,235.432,160.2732
163.4109,180.5326,155.9689,216.5595
160.5145,171.7321,203.6468,216.5595
151.8254,169.532,195.7005,300.989
158.7767,202.5338,219.5394,357.2754
162.8316,202.5338,235.432,413.5617
156.4596,169.532,187.7541,385.4185
192.954,237.7356,227.4857,272.8458
217.2836,244.336,235.432,357.2754
301.8579,371.9428,322.8414,441.7049
415.3961,462.1476,497.6601,497.9912
604.8194,591.9545,600.9621,385.4185
636.1003,609.5555,712.2104,329.1322
589.1789,587.5543,656.5862,666.8502
498.8118,499.5496,489.7138,526.1344
393.3836,385.1435,442.036,526.1344
278.6869,277.3378,338.734,385.4185
204.5395,264.137,227.4857,244.7027
170.9415,178.3325,299.0024,300.989
161.0938,171.7321,235.432,272.8458
168.0451,165.1318,179.8078,160.2732
167.4658,154.1312,251.3246,300.989
155.8803,171.7321,179.8078,244.7027
147.1912,198.1335,243.3783,160.2732
150.6668,191.5332,219.5394,357.2754
155.8803,184.9328,243.3783,188.4163
151.8254,173.9322,235.432,329.1322
155.301,184.9328,163.9152,216.5595
151.2461,176.1323,243.3783,188.4163
164.5695,193.7333,267.2172,244.7027
180.7892,178.3325,195.7005,244.7027
201.0639,206.934,251.3246,160.2732
228.8691,270.7374,283.1098,329.1322
273.4734,283.9381,418.197,329.1322
282.7418,303.7392,394.3581,385.4185
290.2724,323.5402,322.8414,357.2754
248.5645,268.5373,275.1635,329.1322
216.125,242.1359,259.2709,441.7049
176.155,195.9334,235.432,244.7027
161.6731,182.7327,195.7005,329.1322
160.5145,187.1329,235.432,244.7027
167.4658,184.9328,283.1098,244.7027
156.4596,200.3336,259.2709,300.989
165.1487,182.7327,235.432,272.8458
170.9415,160.7315,219.5394,132.13
145.4534,171.7321,203.6468,188.4163
146.0326,184.9328,203.6468,188.4163
156.4596,187.1329,275.1635,329.1322
152.9839,191.5332,235.432,244.7027
177.3135,189.3331,227.4857,300.989
178.4721,182.7327,275.1635,244.7027
193.5333,193.7333,267.2172,188.4163
211.4908,250.9363,314.895,272.8458
268.8392,301.539,338.734,329.1322
358.627,391.7439,354.6266,244.7027
383.5359,343.3413,362.5729,413.5617
416.5546,446.7468,457.9286,441.7049
376.5846,365.3424,378.4655,469.848
296.6444,305.9393,338.734,582.4207
252.0402,217.9346,322.8414,357.2754
187.1612,257.5367,227.4857,441.7049
163.4109,182.7327,243.3783,188.4163
163.4109,206.934,235.432,188.4163
151.2461,173.9322,227.4857,188.4163
142.557,191.5332,179.8078,160.2732
155.8803,169.532,155.9689,216.5595
164.5695,195.9334,219.5394,272.8458
162.2524,154.1312,259.2709,272.8458
166.3073,189.3331,195.7005,300.989
147.7705,180.5326,203.6468,329.1322
158.1974,182.7327,211.5931,272.8458
147.1912,195.9334,243.3783,357.2754
142.557,173.9322,211.5931,300.989
167.4658,173.9322,243.3783,188.4163
143.1362,178.3325,235.432,188.4163
161.6731,184.9328,179.8078,300.989
156.4596,178.3325,187.7541,216.5595
169.783,184.9328,259.2709,272.8458
160.5145,158.5314,227.4857,272.8458
179.0514,193.7333,219.5394,413.5617
184.2649,202.5338,283.1098,272.8458
234.0826,239.9358,219.5394,329.1322
305.9129,301.539,322.8414,272.8458
377.1638,363.1423,418.197,497.9912
399.1763,459.9475,457.9286,469.848
383.5359,396.1441,418.197,582.4207
359.2063,363.1423,457.9286,610.5639
283.9004,308.1394,275.1635,357.2754
219.0214,235.5355,219.5394,244.7027
174.9964,239.9358,259.2709,244.7027
160.5145,151.9311,171.8615,300.989
147.1912,184.9328,267.2172,300.989
156.4596,191.5332,219.5394,188.4163
146.6119,154.1312,155.9689,216.5595
143.7155,180.5326,203.6468,300.989
155.8803,165.1318,235.432,216.5595
157.0389,158.5314,187.7541,272.8458
158.7767,189.3331,211.5931,385.4185
154.1425,165.1318,243.3783,216.5595
148.3497,182.7327,211.5931,329.1322
159.356,182.7327,211.5931,300.989
168.6244,239.9358,235.432,244.7027
187.7405,193.7333,243.3783,357.2754
245.6681,272.9375,299.0024,385.4185
359.7855,354.3419,338.734,300.989
428.1401,413.745,473.8212,357.2754
442.622,486.3489,521.499,469.848
413.6582,429.1459,465.8749,554.2775
324.4497,349.9416,291.0561,385.4185
229.4484,235.5355,283.1098,413.5617
202.2224,248.7362,227.4857,300.989
163.9902,173.9322,211.5931,216.5595
168.6244,178.3325,235.432,300.989
141.9777,187.1329,259.2709,244.7027
163.9902,160.7315,227.4857,300.989
190.0576,187.1329,243.3783,216.5595
166.8866,171.7321,251.3246,244.7027
165.728,165.1318,259.2709,272.8458
151.8254,184.9328,306.9487,188.4163
163.9902,165.1318,275.1635,329.1322
169.783,202.5338,195.7005,272.8458
168.0451,209.1341,267.2172,244.7027
172.6793,158.5314,203.6468,216.5595
169.783,198.1335,251.3246,216.5595
179.0514,195.9334,267.2172,244.7027
177.3135,206.934,203.6468,357.2754
194.6918,209.1341,195.7005,357.2754
190.6369,169.532,275.1635,244.7027
184.2649,209.1341,291.0561,329.1322
180.2099,215.7345,243.3783,272.8458
194.1126,215.7345,219.5394,357.2754
210.3323,231.1353,267.2172,216.5595
216.7043,235.5355,243.3783,216.5595
209.1737,228.9352,243.3783,244.7027
200.4846,211.3342,211.5931,244.7027
231.1862,244.336,330.7877,160.2732
219.0214,217.9346,267.2172,329.1322
209.753,220.1347,283.1098,216.5595
210.3323,277.3378,275.1635,300.989
211.4908,272.9375,346.6803,272.8458
209.1737,248.7362,227.4857,385.4185
219.0214,233.3354,283.1098,357.2754
239.2961,220.1347,267.2172,272.8458
229.4484,255.3366,322.8414,216.5595
237.5583,255.3366,251.3246,132.13
234.6619,231.1353,306.9487,385.4185
214.9665,224.5349,322.8414,300.989
214.9665,239.9358,299.0024,300.989
212.0701,237.7356,251.3246,216.5595
226.552,242.1359,259.2709,385.4185
231.7655,244.336,243.3783,357.2754
202.8017,233.3354,291.0561,272.8458
219.6007,288.3383,283.1098,244.7027
199.326,231.1353,283.1098,188.4163
190.0576,222.3348,243.3783,329.1322
197.0089,213.5343,219.5394,300.989
198.1675,193.7333,267.2172,357.2754
190.6369,189.3331,259.2709,329.1322
168.6244,246.5361,251.3246,300.989
169.783,191.5332,243.3783,244.7027
184.2649,206.934,195.7005,329.1322
164.5695,165.1318,259.2709,188.4163
169.2037,189.3331,211.5931,188.4163
165.1487,173.9322,227.4857,244.7027
172.1001,217.9346,267.2172,272.8458
169.783,178.3325,259.2709,300.989
158.7767,209.1341,227.4857,216.5595
179.6306,215.7345,251.3246,300.989
179.6306,195.9334,227.4857,272.8458
174.4172,176.1323,203.6468,300.989
163.4109,162.9316,243.3783,357.2754
163.4109,213.5343,211.5931,329.1322
159.356,213.5343,251.3246,244.7027
170.9415,184.9328,227.4857,188.4163
165.728,200.3336,251.3246,357.2754
168.6244,195.9334,203.6468,300.989
161.0938,184.9328,259.2709,329.1322
171.5208,191.5332,211.5931,300.989
159.356,176.1323,227.4857,244.7027
162.2524,178.3325,235.432,244.7027
154.1425,209.1341,203.6468,272.8458
170.9415,206.934,211.5931,188.4163
173.2586,149.7309,187.7541,244.7027
143.7155,158.5314,211.5931,272.8458
169.783,189.3331,243.3783,188.4163
168.0451,211.3342,211.5931,216.5595
169.783,176.1323,227.4857,188.4163
174.4172,200.3336,235.432,300.989
156.4596,213.5343,219.5394,329.1322
165.1487,180.5326,211.5931,329.1322
148.3497,180.5326,235.432,216.5595
162.8316,204.7339,211.5931,188.4163
159.356,167.3319,187.7541,244.7027
150.6668,169.532,211.5931,216.5595
165.728,176.1323,235.432,216.5595
158.7767,182.7327,203.6468,188.4163
154.1425,209.1341,219.5394,216.5595
166.3073,191.5332,275.1635,300.989
180.2099,198.1335,259.2709,188.4163
174.9964,169.532,243.3783,272.8458
172.1001,206.934,243.3783,357.2754
197.0089,206.934,314.895,272.8458
190.6369,213.5343,291.0561,272.8458
213.8079,209.1341,299.0024,357.2754
203.9602,226.735,235.432,329.1322
220.7593,279.5379,299.0024,272.8458
246.2474,277.3378,346.6803,357.2754
243.9303,257.5367,314.895,272.8458
268.2599,279.5379,362.5729,357.2754
267.1014,261.9369,346.6803,329.1322
293.1688,334.5408,283.1098,244.7027
303.5958,301.539,386.4118,413.5617
333.7181,290.5385,386.4118,441.7049
289.1139,336.7409,378.4655,385.4185
313.4435,316.9399,449.9823,300.989
325.6083,299.3389,354.6266,300.989
296.0652,316.9399,386.4118,329.1322
314.0227,305.9393,418.197,385.4185
307.6507,288.3383,322.8414,357.2754
322.1326,365.3424,354.6266,244.7027
279.8454,301.539,346.6803,329.1322
286.2175,332.3407,386.4118,329.1322
265.9428,253.1365,370.5192,300.989
247.406,264.137,354.6266,357.2754
252.6195,259.7368,330.7877,329.1322
213.2287,255.3366,259.2709,329.1322
214.3872,275.1376,306.9487,413.5617
201.0639,237.7356,299.0024,441.7049
189.4783,231.1353,291.0561,329.1322
193.5333,206.934,291.0561,357.2754
183.6856,220.1347,283.1098,497.9912
180.2099,178.3325,283.1098,188.4163
159.9353,200.3336,203.6468,160.2732
174.4172,173.9322,251.3246,244.7027
157.0389,211.3342,275.1635,216.5595
168.0451,206.934,299.0024,216.5595
161.6731,198.1335,179.8078,244.7027
164.5695,189.3331,227.4857,132.13
168.0451,189.3331,251.3246,188.4163
152.4047,191.5332,219.5394,216.5595
163.4109,178.3325,203.6468,216.5595
162.2524,169.532,219.5394,160.2732
153.5632,189.3331,195.7005,244.7027
150.6668,173.9322,243.3783,244.7027
167.4658,176.1323,203.6468,216.5595
159.9353,187.1329,219.5394,188.4163
150.6668,165.1318,314.895,188.4163
172.6793,184.9328,235.432,300.989
155.8803,184.9328,195.7005,244.7027
165.1487,178.3325,211.5931,244.7027
150.6668,178.3325,219.5394,272.8458
157.6182,187.1329,211.5931,216.5595
162.8316,178.3325,187.7541,300.989
171.5208,193.7333,163.9152,188.4163
158.7767,176.1323,211.5931,188.4163
159.9353,191.5332,211.5931,244.7027
161.0938,187.1329,275.1635,244.7027
162.2524,154.1312,163.9152,244.7027
176.7343,162.9316,179.8078,216.5595
161.6731,165.1318,219.5394,216.5595
159.9353,184.9328,227.4857,357.2754
147.1912,206.934,235.432,216.5595
145.4534,184.9328,299.0024,216.5595
148.929,173.9322,179.8078,160.2732
174.9964,182.7327,179.8078,216.5595
172.1001,184.9328,243.3783,216.5595
161.6731,171.7321,211.5931,300.989
164.5695,165.1318,179.8078,272.8458
146.6119,204.7339,251.3246,244.7027
161.0938,173.9322,227.4857,188.4163
166.8866,191.5332,227.4857,216.5595
173.2586,211.3342,251.3246,160.2732
169.2037,171.7321,187.7541,272.8458
169.783,193.7333,171.8615,300.989
181.3685,239.9358,203.6468,272.8458
188.8991,189.3331,211.5931,272.8458
210.9116,233.3354,267.2172,216.5595
230.607,220.1347,299.0024,329.1322
261.8879,283.9381,299.0024,329.1322
264.205,301.539,259.2709,244.7027
298.9615,283.9381,283.1098,385.4185
329.6632,400.5443,521.499,554.2775
313.4435,354.3419,338.734,413.5617
369.054,393.944,394.3581,469.848
413.6582,398.3442,354.6266,582.4207
412.4997,378.5432,442.036,413.5617
414.8168,422.5455,449.9823,497.9912
441.4635,435.7462,505.6064,526.1344
414.2375,426.9457,426.1433,554.2775
435.6707,420.3454,394.3581,357.2754
389.3286,369.7427,394.3581,497.9912
400.9142,371.9428,473.8212,441.7049
334.8767,341.1412,418.197,329.1322
308.23,376.343,410.2507,329.1322
297.2237,290.5385,426.1433,244.7027
271.1563,290.5385,306.9487,272.8458
262.4671,272.9375,330.7877,357.2754
234.0826,235.5355,362.5729,188.4163
205.1188,217.9346,275.1635,329.1322
203.381,224.5349,251.3246,244.7027
194.6918,202.5338,243.3783,244.7027
177.8928,226.735,179.8078,244.7027
177.8928,193.7333,251.3246,385.4185
175.5757,184.9328,259.2709,272.8458
152.9839,182.7327,211.5931,216.5595
169.2037,167.3319,187.7541,357.2754
157.6182,202.5338,306.9487,497.9912
154.7218,176.1323,259.2709,188.4163
155.8803,202.5338,259.2709,216.5595
157.0389,200.3336,179.8078,300.989
162.2524,187.1329,219.5394,357.2754
160.5145,189.3331,219.5394,272.8458
157.6182,178.3325,211.5931,244.7027
147.7705,178.3325,251.3246,188.4163
162.2524,176.1323,187.7541,357.2754
162.8316,187.1329,227.4857,272.8458
161.6731,191.5332,211.5931,357.2754
152.4047,184.9328,227.4857,188.4163
162.2524,147.5308,211.5931,160.2732
152.9839,160.7315,187.7541,244.7027
163.9902,187.1329,163.9152,216.5595
154.1425,169.532,171.8615,244.7027
162.8316,149.7309,219.5394,160.2732
158.7767,200.3336,203.6468,216.5595
161.0938,195.9334,259.2709,357.2754
153.5632,176.1323,187.7541,300.989
157.6182,184.9328,187.7541,272.8458
167.4658,176.1323,251.3246,188.4163
149.5083,178.3325,251.3246,216.5595
158.1974,176.1323,219.5394,329.1322
173.8379,171.7321,219.5394,272.8458
162.2524,198.1335,211.5931,272.8458
180.2099,182.7327,219.5394,272.8458
157.6182,206.934,195.7005,272.8458
161.6731,209.1341,259.2709,132.13
162.8316,165.1318,235.432,329.1322
162.8316,220.1347,227.4857,300.989
144.2948,165.1318,227.4857,188.4163
158.1974,171.7321,219.5394,132.13
159.9353,191.5332,187.7541,272.8458
159.356,204.7339,219.5394,244.7027
172.1001,206.934,235.432,300.989
169.2037,171.7321,251.3246,244.7027
162.8316,189.3331,275.1635,272.8458
146.6119,204.7339,235.432,216.5595
151.2461,191.5332,211.5931,300.989
170.3622,193.7333,235.432,300.989
169.783,202.5338,259.2709,272.8458
186.0027,222.3348,259.2709,272.8458
204.5395,244.336,322.8414,272.8458
241.0339,213.5343,283.1098,357.2754
250.8816,279.5379,354.6266,244.7027
288.5346,314.7397,322.8414,244.7027
313.4435,288.3383,346.6803,357.2754
369.054,389.5437,378.4655,272.8458
410.1826,453.3471,370.5192,441.7049
443.2013,444.5467,505.6064,441.7049
455.3661,424.7456,489.7138,610.5639
434.5122,451.147,394.3581,582.4207
448.4148,477.5484,465.8749,469.848
448.4148,497.3495,537.3916,357.2754
415.3961,429.1459,529.4453,272.8458
457.6832,455.5473,362.5729,300.989
392.8043,325.7403,394.3581,441.7049
339.5109,385.1435,449.9823,582.4207
314.0227,358.7421,434.0896,469.848
270.577,303.7392,275.1635,329.1322
269.9977,305.9393,354.6266,357.2754
239.8754,288.3383,306.9487,216.5595
194.6918,211.3342,275.1635,300.989
188.8991,220.1347,291.0561,329.1322
176.7343,222.3348,259.2709,300.989
180.2099,176.1323,243.3783,244.7027
159.356,191.5332,299.0024,272.8458
150.6668,180.5326,251.3246,357.2754
156.4596,198.1335,187.7541,300.989
158.1974,167.3319,203.6468,132.13
164.5695,187.1329,259.2709,300.989
158.7767,158.5314,211.5931,272.8458
147.1912,176.1323,219.5394,300.989
160.5145,160.7315,179.8078,216.5595
162.8316,215.7345,267.2172,188.4163
166.3073,173.9322,227.4857,244.7027
169.783,178.3325,187.7541,300.989
144.2948,184.9328,187.7541,188.4163
161.0938,195.9334,155.9689,216.5595
168.6244,204.7339,219.5394,160.2732
155.8803,162.9316,187.7541,272.8458
162.2524,204.7339,203.6468,216.5595
175.5757,160.7315,203.6468,300.989
152.4047,154.1312,219.5394,272.8458
170.3622,176.1323,219.5394,385.4185
162.2524,198.1335,243.3783,357.2754
169.783,202.5338,171.8615,188.4163
162.2524,220.1347,195.7005,216.5595
157.6182,217.9346,179.8078,329.1322
153.5632,169.532,235.432,272.8458
147.7705,178.3325,227.4857,244.7027
141.3984,189.3331,203.6468,216.5595
151.2461,198.1335,251.3246,216.5595
157.6182,189.3331,179.8078,272.8458
159.9353,180.5326,195.7005,244.7027
184.2649,187.1329,259.2709,272.8458
161.6731,187.1329,163.9152,216.5595
179.6306,191.5332,243.3783,300.989
178.4721,198.1335,251.3246,216.5595
181.9478,187.1329,251.3246,272.8458
171.5208,200.3336,243.3783,244.7027
155.8803,224.5349,235.432,300.989
152.9839,204.7339,243.3783,216.5595
158.1974,204.7339,171.8615,329.1322
151.2461,160.7315,251.3246,441.7049
154.7218,167.3319,171.8615,160.2732
162.2524,182.7327,203.6468,329.1322
172.6793,189.3331,259.2709,329.1322
158.7767,162.9316,243.3783,300.989
150.0876,222.3348,211.5931,300.989
162.8316,198.1335,219.5394,385.4185
171.5208,178.3325,148.0226,300.989
161.6731,182.7327,243.3783,329.1322
192.954,211.3342,243.3783,329.1322
176.155,182.7327,203.6468,188.4163
199.326,217.9346,251.3246,216.5595
205.1188,244.336,267.2172,300.989
247.9852,255.3366,322.8414,329.1322
275.2112,281.738,322.8414,272.8458
307.0714,327.9405,402.3044,300.989
327.3461,396.1441,418.197,413.5617
387.5908,398.3442,457.9286,357.2754
393.9628,367.5426,378.4655,357.2754
395.1214,415.9451,505.6064,469.848
417.1339,486.3489,418.197,526.1344
387.5908,422.5455,370.5192,357.2754
360.9441,391.7439,434.0896,329.1322
342.9865,349.9416,394.3581,526.1344
320.974,343.3413,330.7877,385.4185
271.7356,314.7397,299.0024,188.4163
272.3148,292.7386,410.2507,385.4185
247.406,248.7362,291.0561,272.8458
219.6007,272.9375,251.3246,357.2754
208.0152,215.7345,306.9487,244.7027
180.7892,195.9334,259.2709,272.8458
173.8379,195.9334,203.6468,272.8458
165.728,182.7327,259.2709,244.7027
153.5632,180.5326,195.7005,300.989
156.4596,178.3325,259.2709,216.5595
163.4109,178.3325,187.7541,188.4163
155.301,202.5338,259.2709,300.989
157.0389,167.3319,251.3246,216.5595
162.8316,187.1329,211.5931,300.989
149.5083,180.5326,267.2172,300.989
155.301,176.1323,195.7005,300.989
159.356,209.1341,203.6468,329.1322
169.2037,195.9334,243.3783,441.7049
173.2586,193.7333,203.6468,244.7027
178.4721,202.5338,187.7541,272.8458
192.954,215.7345,299.0024,385.4185
198.1675,222.3348,283.1098,272.8458
212.0701,202.5338,179.8078,300.989
176.155,213.5343,203.6468,244.7027
161.6731,204.7339,243.3783,244.7027
151.8254,193.7333,219.5394,300.989
167.4658,187.1329,259.2709,300.989
168.0451,184.9328,235.432,300.989
165.1487,173.9322,219.5394,272.8458
163.9902,169.532,219.5394,272.8458
164.5695,191.5332,211.5931,244.7027
161.0938,217.9346,227.4857,244.7027
159.356,176.1323,235.432,272.8458
173.2586,193.7333,203.6468,244.7027
174.4172,178.3325,195.7005,188.4163
168.6244,198.1335,243.3783,357.2754
164.5695,160.7315,211.5931,300.989
157.6182,149.7309,155.9689,329.1322
176.155,220.1347,203.6468,357.2754
178.4721,209.1341,267.2172,300.989
228.8691,224.5349,267.2172,329.1322
224.8142,246.5361,275.1635,132.13
200.4846,206.934,235.432,272.8458
209.1737,209.1341,235.432,272.8458
194.6918,231.1353,235.432,300.989
160.5145,193.7333,211.5931,272.8458
169.783,204.7339,259.2709,329.1322
165.1487,206.934,187.7541,216.5595
157.6182,182.7327,211.5931,188.4163
156.4596,191.5332,227.4857,160.2732
150.6668,176.1323,211.5931,216.5595
157.0389,176.1323,227.4857,300.989
169.783,169.532,291.0561,188.4163
165.728,160.7315,179.8078,188.4163
161.6731,178.3325,171.8615,160.2732
155.8803,191.5332,187.7541,160.2732
169.783,217.9346,211.5931,244.7027
168.6244,193.7333,235.432,329.1322
156.4596,200.3336,219.5394,244.7027
183.6856,202.5338,203.6468,357.2754
195.2711,193.7333,267.2172,216.5595
212.0701,246.5361,259.2709,244.7027
214.3872,277.3378,267.2172,329.1322
235.8204,246.5361,306.9487,244.7027
264.205,253.1365,362.5729,272.8458
300.1201,286.1382,314.895,413.5617
322.7119,345.5414,322.8414,441.7049
308.8092,301.539,330.7877,385.4185
304.175,334.5408,322.8414,357.2754
279.2662,292.7386,370.5192,329.1322
292.5895,305.9393,291.0561,413.5617
252.6195,261.9369,354.6266,188.4163
217.2836,244.336,299.0024,329.1322
216.7043,231.1353,275.1635,413.5617
199.326,217.9346,251.3246,244.7027
176.155,206.934,195.7005,300.989
179.0514,195.9334,211.5931,244.7027
179.0514,187.1329,251.3246,357.2754
160.5145,160.7315,211.5931,272.8458
150.6668,187.1329,195.7005,300.989
157.6182,184.9328,195.7005,272.8458
166.8866,180.5326,267.2172,216.5595
168.0451,167.3319,219.5394,329.1322
147.7705,189.3331,227.4857,216.5595
155.8803,156.3313,243.3783,132.13
157.6182,149.7309,219.5394,160.2732
164.5695,149.7309,267.2172,244.7027
166.3073,182.7327,211.5931,272.8458
170.3622,193.7333,187.7541,160.2732
184.8441,200.3336,219.5394,244.7027
186.582,246.5361,267.2172,300.989
188.3198,209.1341,235.432,272.8458
221.9178,237.7356,283.1098,300.989
235.2412,246.5361,306.9487,300.989
236.3997,253.1365,283.1098,244.7027
232.9241,226.735,338.734,385.4185
191.7954,184.9328,259.2709,188.4163
201.0639,220.1347,291.0561,272.8458
191.7954,191.5332,259.2709,329.1322
185.4234,191.5332,235.432,244.7027
161.6731,165.1318,275.1635,554.2775
166.3073,195.9334,235.432,216.5595
172.6793,184.9328,211.5931,244.7027
163.4109,171.7321,211.5931,272.8458
169.2037,182.7327,163.9152,160.2732
143.7155,162.9316,251.3246,272.8458
158.7767,189.3331,243.3783,244.7027
193.5333,213.5343,219.5394,244.7027
194.1126,202.5338,235.432,244.7027
192.3747,187.1329,259.2709,300.989
210.9116,215.7345,306.9487,160.2732
224.8142,233.3354,235.432,385.4185
322.1326,336.7409,410.2507,329.1322
295.4859,336.7409,402.3044,413.5617
303.0165,325.7403,322.8414,300.989
269.4185,275.1376,243.3783,244.7027
219.6007,231.1353,299.0024,244.7027
178.4721,211.3342,322.8414,188.4163
144.8741,182.7327,243.3783,244.7027
168.0451,187.1329,203.6468,272.8458
158.1974,191.5332,243.3783,216.5595
159.356,169.532,251.3246,216.5595
143.7155,162.9316,187.7541,244.7027
151.8254,198.1335,251.3246,188.4163
139.6606,195.9334,195.7005,329.1322
158.7767,191.5332,243.3783,300.989
146.0326,176.1323,251.3246,300.989
150.0876,184.9328,283.1098,244.7027
151.2461,198.1335,227.4857,216.5595
159.9353,165.1318,211.5931,385.4185
164.5695,189.3331,203.6468,329.1322
172.1001,162.9316,187.7541,329.1322
192.3747,178.3325,275.1635,188.4163
183.1063,202.5338,314.895,244.7027
162.8316,200.3336,235.432,244.7027
195.2711,198.1335,235.432,300.989
211.4908,211.3342,299.0024,300.989
224.8142,255.3366,291.0561,357.2754
194.1126,226.735,267.2172,329.1322
239.8754,253.1365,283.1098,441.7049
223.0764,233.3354,299.0024,385.4185
224.8142,246.5361,267.2172,329.1322
203.9602,204.7339,267.2172,300.989
187.1612,206.934,275.1635,216.5595
199.9053,213.5343,267.2172,357.2754
191.2162,178.3325,211.5931,244.7027
182.527,200.3336,235.432,216.5595
163.4109,178.3325,219.5394,272.8458
162.2524,191.5332,219.5394,244.7027
170.3622,162.9316,267.2172,272.8458
174.9964,160.7315,195.7005,272.8458
158.1974,198.1335,155.9689,244.7027
158.1974,180.5326,203.6468,216.5595
151.2461,187.1329,211.5931,272.8458
157.6182,193.7333,251.3246,188.4163
153.5632,184.9328,211.5931,272.8458
143.7155,209.1341,283.1098,188.4163
164.5695,198.1335,251.3246,300.989
146.0326,182.7327,219.5394,188.4163
156.4596,165.1318,211.5931,244.7027
151.2461,191.5332,283.1098,272.8458
180.2099,231.1353,227.4857,160.2732
191.7954,235.5355,227.4857,300.989
285.0589,345.5414,291.0561,329.1322
284.4796,279.5379,362.5729,413.5617
345.8829,327.9405,378.4655,216.5595
327.3461,354.3419,394.3581,497.9912
281.5833,341.1412,410.2507,244.7027
297.803,314.7397,362.5729,244.7027
246.2474,259.7368,354.6266,441.7049
199.9053,206.934,259.2709,216.5595
170.3622,244.336,251.3246,329.1322
170.3622,187.1329,203.6468,160.2732
154.7218,195.9334,211.5931,300.989
150.6668,176.1323,187.7541,244.7027
157.6182,165.1318,219.5394,272.8458
162.8316,151.9311,227.4857,216.5595
159.356,165.1318,243.3783,357.2754
186.0027,191.5332,259.2709,244.7027
203.381,206.934,203.6468,160.2732
202.8017,220.1347,235.432,216.5595
237.5583,244.336,299.0024,469.848
265.3635,310.3395,283.1098,385.4185
307.6507,316.9399,346.6803,526.1344
429.878,440.1464,362.5729,300.989
428.7194,455.5473,489.7138,441.7049
369.6332,360.9422,529.4453,357.2754
303.5958,325.7403,338.734,357.2754
236.979,261.9369,322.8414,469.848
201.0639,189.3331,251.3246,357.2754
183.1063,184.9328,211.5931,329.1322
173.8379,193.7333,275.1635,300.989
163.9902,173.9322,219.5394,244.7027
155.301,173.9322,203.6468,300.989
162.8316,169.532,299.0024,216.5595
151.2461,178.3325,203.6468,329.1322
165.1487,189.3331,251.3246,132.13
151.2461,178.3325,211.5931,188.4163
163.9902,215.7345,314.895,300.989
150.0876,200.3336,227.4857,216.5595
162.8316,171.7321,219.5394,160.2732
147.7705,178.3325,251.3246,188.4163
166.8866,171.7321,251.3246,385.4185
161.0938,184.9328,171.8615,244.7027
166.8866,189.3331,211.5931,300.989
167.4658,200.3336,195.7005,188.4163
157.0389,173.9322,275.1635,244.7027
162.2524,182.7327,227.4857,188.4163
167.4658,187.1329,203.6468,329.1322
177.3135,215.7345,227.4857,244.7027
173.8379,182.7327,267.2172,272.8458
186.582,191.5332,267.2172,244.7027
169.2037,204.7339,219.5394,244.7027
182.527,206.934,203.6468,188.4163
181.9478,198.1335,219.5394,272.8458
181.9478,202.5338,267.2172,188.4163
172.6793,165.1318,203.6468,244.7027
167.4658,167.3319,195.7005,244.7027
163.4109,220.1347,219.5394,272.8458
160.5145,202.5338,211.5931,329.1322
148.3497,198.1335,203.6468,244.7027
165.1487,204.7339,227.4857,329.1322
148.3497,138.7304,235.432,300.989
154.7218,178.3325,219.5394,272.8458
140.2399,169.532,251.3246,216.5595
153.5632,173.9322,179.8078,272.8458
150.6668,191.5332,179.8078,188.4163
167.4658,191.5332,227.4857,188.4163
163.4109,198.1335,235.432,300.989
163.4109,178.3325,251.3246,244.7027
158.1974,171.7321,235.432,300.989
144.8741,202.5338,203.6468,188.4163
164.5695,224.5349,259.2709,441.7049
192.954,204.7339,235.432,300.989
234.0826,259.7368,267.2172,244.7027
281.004,338.941,299.0024,329.1322
321.5533,354.3419,322.8414,441.7049
398.0178,402.7444,489.7138,638.707
458.2625,479.7486,354.6266,385.4185
404.3898,442.3466,378.4655,413.5617
323.2911,349.9416,386.4118,357.2754
297.803,294.9387,346.6803,272.8458
229.4484,290.5385,291.0561,272.8458
189.4783,239.9358,187.7541,272.8458
172.1001,202.5338,243.3783,413.5617
174.9964,189.3331,259.2709,188.4163
166.3073,191.5332,171.8615,300.989
143.1362,178.3325,219.5394,300.989
166.3073,176.1323,187.7541,357.2754
178.4721,176.1323,243.3783,413.5617
175.5757,211.3342,267.2172,244.7027
192.3747,215.7345,283.1098,160.2732
238.1375,266.3372,354.6266,216.5595
311.7056,332.3407,410.2507,469.848
346.4622,422.5455,338.734,413.5617
439.7257,444.5467,449.9823,441.7049
490.1227,495.1494,410.2507,497.9912
451.8905,415.9451,473.8212,329.1322
369.6332,426.9457,497.6601,357.2754
296.6444,319.14,418.197,329.1322
241.6132,272.9375,227.4857,244.7027
198.1675,206.934,283.1098,272.8458
181.3685,198.1335,187.7541,216.5595
181.3685,187.1329,203.6468,357.2754
146.0326,176.1323,235.432,272.8458
146.0326,162.9316,195.7005,413.5617
157.0389,167.3319,179.8078,329.1322
154.7218,180.5326,140.0763,300.989
160.5145,202.5338,187.7541,188.4163
147.7705,176.1323,219.5394,329.1322
146.0326,182.7327,235.432,244.7027
158.7767,176.1323,195.7005,272.8458
169.783,189.3331,211.5931,272.8458
151.2461,195.9334,227.4857,329.1322
162.2524,147.5308,235.432,160.2732
164.5695,189.3331,227.4857,244.7027
150.6668,184.9328,187.7541,272.8458
158.7767,182.7327,283.1098,272.8458
162.2524,176.1323,235.432,216.5595
155.301,180.5326,203.6468,160.2732
166.8866,173.9322,227.4857,244.7027
170.9415,184.9328,243.3783,300.989
161.6731,176.1323,211.5931,357.2754
165.1487,209.1341,235.432,329.1322
162.2524,193.7333,243.3783,160.2732
163.9902,206.934,203.6468,188.4163
152.9839,151.9311,211.5931,300.989
172.1001,173.9322,219.5394,300.989
158.1974,182.7327,259.2709,272.8458
151.8254,195.9334,259.2709,244.7027
167.4658,178.3325,227.4857,300.989
173.8379,184.9328,259.2709,188.4163
170.3622,200.3336,235.432,244.7027
162.2524,213.5343,211.5931,132.13
169.783,202.5338,187.7541,272.8458
172.6793,189.3331,179.8078,300.989
148.3497,202.5338,227.4857,160.2732
161.6731,195.9334,211.5931,244.7027
150.0876,180.5326,259.2709,244.7027
145.4534,180.5326,259.2709,329.1322
158.7767,160.7315,251.3246,272.8458
151.8254,156.3313,219.5394,300.989
147.7705,202.5338,251.3246,216.5595
159.9353,165.1318,195.7005,413.5617
165.728,176.1323,203.6468,272.8458
197.5882,246.5361,259.2709,272.8458
228.2898,259.7368,283.1098,300.989
282.1625,343.3413,291.0561,329.1322
373.1089,413.745,402.3044,582.4207
476.7993,495.1494,545.3379,357.2754
466.3724,459.9475,489.7138,582.4207
380.0602,431.346,465.8749,441.7049
377.1638,358.7421,402.3044,300.989
278.1076,332.3407,338.734,272.8458
226.552,297.1388,291.0561,441.7049
186.0027,195.9334,259.2709,357.2754
170.9415,193.7333,243.3783,244.7027
154.1425,158.5314,203.6468,160.2732
160.5145,198.1335,179.8078,188.4163
155.8803,167.3319,251.3246,300.989
141.9777,180.5326,235.432,357.2754
162.8316,193.7333,211.5931,160.2732
172.6793,202.5338,219.5394,300.989
188.8991,235.5355,267.2172,160.2732
247.406,275.1376,338.734,216.5595
332.5596,325.7403,346.6803,188.4163
361.5234,409.3448,362.5729,441.7049
503.446,497.3495,457.9286,469.848
409.6033,444.5467,418.197,413.5617
403.2313,429.1459,489.7138,582.4207
373.1089,343.3413,521.499,413.5617
293.1688,305.9393,267.2172,357.2754
227.7106,250.9363,291.0561,244.7027
175.5757,209.1341,283.1098,300.989
166.3073,171.7321,195.7005,272.8458
159.9353,160.7315,259.2709,272.8458
153.5632,162.9316,235.432,244.7027
151.2461,173.9322,187.7541,188.4163
152.9839,160.7315,306.9487,244.7027
160.5145,213.5343,195.7005,244.7027
157.6182,184.9328,259.2709,244.7027
169.783,173.9322,227.4857,272.8458
138.502,165.1318,227.4857,357.2754
146.6119,202.5338,195.7005,216.5595
173.8379,169.532,195.7005,272.8458
154.7218,193.7333,171.8615,216.5595
149.5083,191.5332,195.7005,160.2732
154.1425,193.7333,235.432,216.5595
162.2524,184.9328,171.8615,160.2732
152.9839,193.7333,227.4857,272.8458
141.3984,193.7333,219.5394,188.4163
158.1974,204.7339,211.5931,329.1322
157.0389,180.5326,219.5394,188.4163
147.1912,193.7333,243.3783,272.8458
152.4047,187.1329,179.8078,329.1322
162.8316,187.1329,251.3246,216.5595
169.783,180.5326,227.4857,357.2754
167.4658,176.1323,243.3783,216.5595
163.9902,191.5332,251.3246,272.8458
169.783,176.1323,219.5394,272.8458
155.301,198.1335,187.7541,188.4163
162.8316,195.9334,203.6468,244.7027
150.0876,173.9322,203.6468,300.989
164.5695,215.7345,211.5931,244.7027
157.6182,193.7333,267.2172,300.989
148.929,182.7327,251.3246,300.989
153.5632,169.532,283.1098,272.8458
168.6244,182.7327,219.5394,216.5595
143.7155,213.5343,187.7541,329.1322
156.4596,182.7327,203.6468,357.2754
144.8741,184.9328,203.6468,216.5595
163.4109,187.1329,299.0024,357.2754
154.1425,171.7321,251.3246,357.2754
155.8803,198.1335,259.2709,357.2754
159.356,165.1318,275.1635,244.7027
154.7218,180.5326,211.5931,385.4185
168.6244,191.5332,235.432,272.8458
202.8017,215.7345,227.4857,216.5595
217.8629,217.9346,219.5394,497.9912
248.5645,310.3395,346.6803,357.2754
346.4622,303.7392,314.895,300.989
384.1151,415.9451,449.9823,497.9912
435.0915,459.9475,465.8749,357.2754
426.9816,442.3466,434.0896,329.1322
374.2675,325.7403,362.5729,413.5617
281.5833,319.14,291.0561,357.2754
213.2287,239.9358,243.3783,357.2754
195.2711,184.9328,227.4857,357.2754
161.0938,198.1335,243.3783,272.8458
148.3497,176.1323,243.3783,188.4163
173.8379,195.9334,243.3783,188.4163
166.8866,147.5308,203.6468,244.7027
163.9902,173.9322,187.7541,188.4163
159.9353,167.3319,251.3246,329.1322
158.7767,165.1318,187.7541,272.8458
183.1063,231.1353,275.1635,188.4163
201.6431,244.336,259.2709,329.1322
289.1139,272.9375,330.7877,497.9912
376.0053,371.9428,473.8212,441.7049
404.3898,393.944,362.5729,638.707
316.9191,367.5426,338.734,300.989
346.4622,363.1423,394.3581,329.1322
300.1201,321.3401,314.895,329.1322
241.0339,211.3342,267.2172,244.7027
204.5395,244.336,235.432,244.7027
163.4109,182.7327,235.432,413.5617
150.6668,178.3325,203.6468,272.8458
161.0938,182.7327,219.5394,272.8458
149.5083,189.3331,187.7541,272.8458
164.5695,180.5326,163.9152,300.989
169.2037,193.7333,203.6468,272.8458
162.8316,193.7333,243.3783,244.7027
151.2461,151.9311,219.5394,272.8458
160.5145,165.1318,211.5931,244.7027
144.2948,193.7333,267.2172,329.1322
157.0389,195.9334,203.6468,272.8458
165.1487,173.9322,203.6468,188.4163
158.1974,176.1323,235.432,272.8458
156.4596,167.3319,243.3783,329.1322
167.4658,180.5326,306.9487,244.7027
166.8866,191.5332,227.4857,216.5595
166.8866,213.5343,235.432,272.8458
156.4596,169.532,227.4857,216.5595
174.9964,171.7321,283.1098,329.1322
163.4109,160.7315,211.5931,300.989
176.155,178.3325,235.432,272.8458
181.3685,176.1323,171.8615,216.5595
157.6182,158.5314,211.5931,357.2754
146.0326,176.1323,283.1098,300.989
143.7155,191.5332,195.7005,188.4163
166.3073,204.7339,259.2709,244.7027
173.8379,226.735,203.6468,357.2754
186.0027,206.934,211.5931,300.989
166.3073,206.934,163.9152,244.7027
177.8928,200.3336,235.432,272.8458
164.5695,182.7327,219.5394,216.5595
157.6182,206.934,227.4857,244.7027
172.6793,176.1323,235.432,300.989
157.0389,173.9322,195.7005,216.5595
155.8803,167.3319,259.2709,272.8458
148.929,136.5302,203.6468,160.2732
155.8803,180.5326,195.7005,188.4163
161.0938,171.7321,227.4857,413.5617
160.5145,209.1341,227.4857,385.4185
164.5695,206.934,251.3246,244.7027
141.9777,184.9328,251.3246,329.1322
170.3622,147.5308,211.5931,272.8458
157.6182,169.532,259.2709,329.1322
159.356,182.7327,179.8078,216.5595
183.1063,178.3325,227.4857,272.8458
178.4721,206.934,251.3246,329.1322
221.9178,239.9358,243.3783,272.8458
291.431,279.5379,338.734,413.5617
302.4372,314.7397,291.0561,441.7049
319.8155,303.7392,442.036,413.5617
308.23,305.9393,402.3044,441.7049
264.7843,301.539,283.1098,300.989
212.0701,257.5367,219.5394,188.4163
179.6306,189.3331,267.2172,272.8458
185.4234,224.5349,235.432,244.7027
158.1974,195.9334,243.3783,300.989
144.2948,176.1323,251.3246,188.4163
158.1974,169.532,243.3783,244.7027
161.0938,158.5314,243.3783,244.7027
161.6731,189.3331,251.3246,300.989
149.5083,202.5338,187.7541,300.989
161.0938,195.9334,291.0561,216.5595
168.0451,189.3331,235.432,188.4163
196.4297,206.934,275.1635,385.4185
214.3872,239.9358,251.3246,244.7027
258.4122,266.3372,291.0561,357.2754
325.6083,382.9434,354.6266,497.9912
212.0701,270.7374,338.734,272.8458
242.7718,283.9381,299.0024,272.8458
194.1126,228.9352,283.1098,300.989
212.0701,233.3354,283.1098,272.8458
190.6369,206.934,203.6468,188.4163
158.7767,195.9334,203.6468,244.7027
162.8316,162.9316,203.6468,329.1322
154.7218,182.7327,283.1098,216.5595
152.4047,184.9328,195.7005,216.5595
166.3073,165.1318,163.9152,216.5595
147.1912,158.5314,211.5931,216.5595
163.4109,171.7321,203.6468,216.5595
157.0389,184.9328,211.5931,357.2754
152.4047,200.3336,235.432,244.7027
165.1487,178.3325,259.2709,216.5595
150.0876,187.1329,267.2172,188.4163
132.7093,193.7333,171.8615,329.1322
168.0451,200.3336,227.4857,357.2754
174.9964,200.3336,267.2172,216.5595
186.0027,231.1353,219.5394,329.1322
205.6981,213.5343,251.3246,300.989
212.0701,239.9358,219.5394,244.7027
208.0152,237.7356,227.4857,244.7027
206.8566,239.9358,251.3246,244.7027
159.9353,187.1329,219.5394,413.5617
159.9353,195.9334,187.7541,216.5595
162.8316,182.7327,195.7005,272.8458
149.5083,193.7333,235.432,188.4163
147.1912,191.5332,227.4857,216.5595
160.5145,189.3331,235.432,244.7027
166.8866,220.1347,187.7541,300.989
174.9964,198.1335,227.4857,216.5595
191.7954,228.9352,203.6468,244.7027
199.9053,235.5355,259.2709,357.2754
219.0214,209.1341,322.8414,272.8458
200.4846,226.735,259.2709,188.4163
186.582,231.1353,291.0561,329.1322
154.7218,173.9322,227.4857,329.1322
159.356,204.7339,211.5931,300.989
173.8379,193.7333,179.8078,216.5595
162.2524,169.532,259.2709,244.7027
142.557,187.1329,227.4857,385.4185
162.8316,162.9316,211.5931,188.4163
157.6182,184.9328,163.9152,216.5595
161.0938,173.9322,203.6468,216.5595
145.4534,182.7327,195.7005,188.4163
157.0389,156.3313,275.1635,216.5595
163.9902,193.7333,203.6468,188.4163
154.7218,202.5338,243.3783,357.2754
155.301,198.1335,211.5931,216.5595
176.7343,189.3331,227.4857,329.1322
188.3198,206.934,267.2172,329.1322
193.5333,231.1353,179.8078,357.2754
226.552,231.1353,251.3246,329.1322
234.0826,211.3342,227.4857,244.7027
206.8566,253.1365,275.1635,357.2754
206.8566,217.9346,243.3783,272.8458
187.1612,184.9328,243.3783,244.7027
166.8866,187.1329,171.8615,244.7027
163.9902,213.5343,235.432,300.989
163.9902,187.1329,219.5394,357.2754
164.5695,158.5314,195.7005,272.8458
147.7705,193.7333,243.3783,329.1322
143.7155,184.9328,267.2172,244.7027
141.9777,187.1329,187.7541,300.989
154.7218,167.3319,259.2709,244.7027
154.1425,195.9334,179.8078,216.5595
153.5632,200.3336,235.432,216.5595
180.2099,151.9311,235.432,272.8458
177.3135,222.3348,306.9487,329.1322
195.8504,268.5373,283.1098,329.1322
226.552,233.3354,251.3246,216.5595
