0.000000	0.000000	0.568889
5.000000	0.000000	0.890000
5.000000	5.000000	0.750000
5.000000	10.000000	0.700000
5.000000	15.000000	0.670000
5.000000	20.000000	0.660000
5.000000	25.000000	0.650000
5.000000	30.000000	0.620000
5.000000	35.000000	0.620000
5.000000	40.000000	0.630000
5.000000	45.000000	0.600000
5.000000	50.000000	0.580000
5.000000	55.000000	0.580000
5.000000	60.000003	0.580000
5.000000	64.999999	0.580000
5.000000	70.000001	0.560000
5.000000	74.999998	0.560000
5.000000	80.000000	0.580000
5.000000	85.000002	0.590000
5.000000	89.999998	0.620000
5.000000	95.000001	0.650000
5.000000	100.000003	0.640000
5.000000	104.999999	0.620000
5.000000	110.000001	0.620000
5.000000	114.999998	0.620000
5.000000	120.000000	0.610000
5.000000	125.000002	0.610000
5.000000	129.999998	0.620000
5.000000	135.000001	0.640000
5.000000	140.000003	0.640000
5.000000	144.999999	0.640000
5.000000	150.000001	0.630000
5.000000	154.999998	0.610000
5.000000	160.000000	0.620000
5.000000	165.000002	0.620000
5.000000	169.999998	0.630000
5.000000	175.000001	0.660000
5.000000	180.000003	0.660000
5.000000	184.999999	0.670000
5.000000	190.000001	0.710000
5.000000	194.999998	0.770000
5.000000	200.000000	0.770000
5.000000	205.000002	0.740000
5.000000	209.999998	0.710000
5.000000	215.000000	0.670000
5.000000	220.000003	0.630000
5.000000	224.999999	0.630000
5.000000	230.000001	0.640000
5.000000	234.999998	0.640000
5.000000	240.000000	0.610000
5.000000	245.000002	0.570000
5.000000	249.999998	0.560000
5.000000	255.000000	0.580000
5.000000	260.000003	0.620000
5.000000	264.999999	0.630000
5.000000	270.000001	0.610000
5.000000	274.999998	0.600000
5.000000	280.000000	0.610000
5.000000	285.000002	0.620000
5.000000	289.999998	0.640000
5.000000	295.000000	0.650000
5.000000	300.000003	0.640000
5.000000	304.999999	0.640000
5.000000	310.000001	0.640000
5.000000	314.999997	0.660000
5.000000	320.000000	0.690000
5.000000	325.000002	0.730000
5.000000	329.999998	0.770000
5.000000	335.000000	0.800000
5.000000	340.000002	0.870000
5.000000	344.999999	0.950000
5.000000	350.000001	0.960000
5.000000	354.999997	0.920000
10.000000	0.000000	0.810000
10.000000	5.000000	0.880000
10.000000	10.000000	0.850000
10.000000	15.000000	0.850000
10.000000	20.000000	0.880000
10.000000	25.000000	0.910000
10.000000	30.000000	0.900000
10.000000	35.000000	0.910000
10.000000	40.000000	0.940000
10.000000	45.000000	0.990000
10.000000	50.000000	0.970000
10.000000	55.000000	0.880000
10.000000	60.000003	0.860000
10.000000	64.999999	0.850000
10.000000	70.000001	0.830000
10.000000	74.999998	0.770000
10.000000	80.000000	0.740000
10.000000	85.000002	0.760000
10.000000	89.999998	0.790000
10.000000	95.000001	0.800000
10.000000	100.000003	0.770000
10.000000	104.999999	0.730000
10.000000	110.000001	0.770000
10.000000	114.999998	0.860000
10.000000	120.000000	0.900000
10.000000	125.000002	0.870000
10.000000	129.999998	0.900000
10.000000	135.000001	1.020000
10.000000	140.000003	1.110000
10.000000	144.999999	1.040000
10.000000	150.000001	0.880000
10.000000	154.999998	0.760000
10.000000	160.000000	0.680000
10.000000	165.000002	0.660000
10.000000	169.999998	0.680000
10.000000	175.000001	0.690000
10.000000	180.000003	0.680000
10.000000	184.999999	0.680000
10.000000	190.000001	0.690000
10.000000	194.999998	0.750000
10.000000	200.000000	0.850000
10.000000	205.000002	0.950000
10.000000	209.999998	1.000000
10.000000	215.000000	0.990000
10.000000	220.000003	0.990000
10.000000	224.999999	0.970000
10.000000	230.000001	0.960000
10.000000	234.999998	0.970000
10.000000	240.000000	0.920000
10.000000	245.000002	0.860000
10.000000	249.999998	0.850000
10.000000	255.000000	0.830000
10.000000	260.000003	0.800000
10.000000	264.999999	0.740000
10.000000	270.000001	0.700000
10.000000	274.999998	0.700000
10.000000	280.000000	0.680000
10.000000	285.000002	0.730000
10.000000	289.999998	0.880000
10.000000	295.000000	0.990000
10.000000	300.000003	1.030000
10.000000	304.999999	1.080000
10.000000	310.000001	1.090000
10.000000	314.999997	1.020000
10.000000	320.000000	0.950000
10.000000	325.000002	0.930000
10.000000	329.999998	0.930000
10.000000	335.000000	0.900000
10.000000	340.000002	0.860000
10.000000	344.999999	0.830000
10.000000	350.000001	0.820000
10.000000	354.999997	0.810000
15.000000	0.000000	0.330000
15.000000	5.000000	0.340000
15.000000	10.000000	0.350000
15.000000	15.000000	0.390000
15.000000	20.000000	0.460000
15.000000	25.000000	0.520000
15.000000	30.000000	0.640000
15.000000	35.000000	0.780000
15.000000	40.000000	0.870000
15.000000	45.000000	1.000000
15.000000	50.000000	1.120000
15.000000	55.000000	1.110000
15.000000	60.000003	1.090000
15.000000	64.999999	1.070000
15.000000	70.000001	0.950000
15.000000	74.999998	0.850000
15.000000	80.000000	0.850000
15.000000	85.000002	0.840000
15.000000	89.999998	0.860000
15.000000	95.000001	0.900000
15.000000	100.000003	0.900000
15.000000	104.999999	0.960000
15.000000	110.000001	1.010000
15.000000	114.999998	1.020000
15.000000	120.000000	1.090000
15.000000	125.000002	1.060000
15.000000	129.999998	0.940000
15.000000	135.000001	0.800000
15.000000	140.000003	0.640000
15.000000	144.999999	0.500000
15.000000	150.000001	0.410000
15.000000	154.999998	0.370000
15.000000	160.000000	0.320000
15.000000	165.000002	0.290000
15.000000	169.999998	0.280000
15.000000	175.000001	0.260000
15.000000	180.000003	0.250000
15.000000	184.999999	0.260000
15.000000	190.000001	0.270000
15.000000	194.999998	0.310000
15.000000	200.000000	0.380000
15.000000	205.000002	0.480000
15.000000	209.999998	0.600000
15.000000	215.000000	0.730000
15.000000	220.000003	0.890000
15.000000	224.999999	1.030000
15.000000	230.000001	1.070000
15.000000	234.999998	1.040000
15.000000	240.000000	0.950000
15.000000	245.000002	0.880000
15.000000	249.999998	0.830000
15.000000	255.000000	0.820000
15.000000	260.000003	0.850000
15.000000	264.999999	0.790000
15.000000	270.000001	0.690000
15.000000	274.999998	0.700000
15.000000	280.000000	0.770000
15.000000	285.000002	0.860000
15.000000	289.999998	1.020000
15.000000	295.000000	1.110000
15.000000	300.000003	1.080000
15.000000	304.999999	1.070000
15.000000	310.000001	1.020000
15.000000	314.999997	0.850000
15.000000	320.000000	0.680000
15.000000	325.000002	0.620000
15.000000	329.999998	0.580000
15.000000	335.000000	0.510000
15.000000	340.000002	0.430000
15.000000	344.999999	0.370000
15.000000	350.000001	0.330000
15.000000	354.999997	0.320000
20.000000	0.000000	0.180000
20.000000	5.000000	0.200000
20.000000	10.000000	0.210000
20.000000	15.000000	0.230000
20.000000	20.000000	0.260000
20.000000	25.000000	0.300000
20.000000	30.000000	0.340000
20.000000	35.000000	0.430000
20.000000	40.000000	0.570000
20.000000	45.000000	0.730000
20.000000	50.000000	0.920000
20.000000	55.000000	1.070000
20.000000	60.000003	1.150000
20.000000	64.999999	1.190000
20.000000	70.000001	1.140000
20.000000	74.999998	1.010000
20.000000	80.000000	1.000000
20.000000	85.000002	1.050000
20.000000	89.999998	0.980000
20.000000	95.000001	0.960000
20.000000	100.000003	0.970000
20.000000	104.999999	1.010000
20.000000	110.000001	1.050000
20.000000	114.999998	1.030000
20.000000	120.000000	0.990000
20.000000	125.000002	0.880000
20.000000	129.999998	0.670000
20.000000	135.000001	0.480000
20.000000	140.000003	0.360000
20.000000	144.999999	0.290000
20.000000	150.000001	0.240000
20.000000	154.999998	0.210000
20.000000	160.000000	0.180000
20.000000	165.000002	0.170000
20.000000	169.999998	0.160000
20.000000	175.000001	0.150000
20.000000	180.000003	0.160000
20.000000	184.999999	0.160000
20.000000	190.000001	0.170000
20.000000	194.999998	0.190000
20.000000	200.000000	0.220000
20.000000	205.000002	0.280000
20.000000	209.999998	0.350000
20.000000	215.000000	0.440000
20.000000	220.000003	0.580000
20.000000	224.999999	0.730000
20.000000	230.000001	0.900000
20.000000	234.999998	1.070000
20.000000	240.000000	1.060000
20.000000	245.000002	1.000000
20.000000	249.999998	0.940000
20.000000	255.000000	0.890000
20.000000	260.000003	0.950000
20.000000	264.999999	0.930000
20.000000	270.000001	0.870000
20.000000	274.999998	0.870000
20.000000	280.000000	0.870000
20.000000	285.000002	0.960000
20.000000	289.999998	1.110000
20.000000	295.000000	1.130000
20.000000	300.000003	0.970000
20.000000	304.999999	0.780000
20.000000	310.000001	0.630000
20.000000	314.999997	0.520000
20.000000	320.000000	0.430000
20.000000	325.000002	0.360000
20.000000	329.999998	0.310000
20.000000	335.000000	0.270000
20.000000	340.000002	0.230000
20.000000	344.999999	0.210000
20.000000	350.000001	0.200000
20.000000	354.999997	0.190000
25.000000	0.000000	0.120000
25.000000	5.000000	0.130000
25.000000	10.000000	0.140000
25.000000	15.000000	0.160000
25.000000	20.000000	0.190000
25.000000	25.000000	0.230000
25.000000	30.000000	0.290000
25.000000	35.000000	0.370000
25.000000	40.000000	0.440000
25.000000	45.000000	0.540000
25.000000	50.000000	0.700000
25.000000	55.000000	0.970000
25.000000	60.000003	1.300000
25.000000	64.999999	1.460000
25.000000	70.000001	1.330000
25.000000	74.999998	1.180000
25.000000	80.000000	1.170000
25.000000	85.000002	1.190000
25.000000	89.999998	1.160000
25.000000	95.000001	1.140000
25.000000	100.000003	1.100000
25.000000	104.999999	1.150000
25.000000	110.000001	1.220000
25.000000	114.999998	1.060000
25.000000	120.000000	0.850000
25.000000	125.000002	0.660000
25.000000	129.999998	0.460000
25.000000	135.000001	0.370000
25.000000	140.000003	0.300000
25.000000	144.999999	0.250000
25.000000	150.000001	0.230000
25.000000	154.999998	0.190000
25.000000	160.000000	0.160000
25.000000	165.000002	0.150000
25.000000	169.999998	0.140000
25.000000	175.000001	0.130000
25.000000	180.000003	0.130000
25.000000	184.999999	0.130000
25.000000	190.000001	0.150000
25.000000	194.999998	0.160000
25.000000	200.000000	0.180000
25.000000	205.000002	0.220000
25.000000	209.999998	0.270000
25.000000	215.000000	0.330000
25.000000	220.000003	0.410000
25.000000	224.999999	0.520000
25.000000	230.000001	0.670000
25.000000	234.999998	0.810000
25.000000	240.000000	0.940000
25.000000	245.000002	0.980000
25.000000	249.999998	0.970000
25.000000	255.000000	1.020000
25.000000	260.000003	1.090000
25.000000	264.999999	1.120000
25.000000	270.000001	1.090000
25.000000	274.999998	1.070000
25.000000	280.000000	1.050000
25.000000	285.000002	1.070000
25.000000	289.999998	1.100000
25.000000	295.000000	1.040000
25.000000	300.000003	0.910000
25.000000	304.999999	0.720000
25.000000	310.000001	0.540000
25.000000	314.999997	0.420000
25.000000	320.000000	0.350000
25.000000	325.000002	0.310000
25.000000	329.999998	0.250000
25.000000	335.000000	0.190000
25.000000	340.000002	0.160000
25.000000	344.999999	0.140000
25.000000	350.000001	0.130000
25.000000	354.999997	0.120000
30.000000	0.000000	0.100000
30.000000	5.000000	0.090000
30.000000	10.000000	0.100000
30.000000	15.000000	0.110000
30.000000	20.000000	0.120000
30.000000	25.000000	0.150000
30.000000	30.000000	0.190000
30.000000	35.000000	0.230000
30.000000	40.000000	0.280000
30.000000	45.000000	0.380000
30.000000	50.000000	0.480000
30.000000	55.000000	0.600000
30.000000	60.000003	0.770000
30.000000	64.999999	0.880000
30.000000	70.000001	0.930000
30.000000	74.999998	0.980000
30.000000	80.000000	1.010000
30.000000	85.000002	1.040000
30.000000	89.999998	1.090000
30.000000	95.000001	1.000000
30.000000	100.000003	0.930000
30.000000	104.999999	0.960000
30.000000	110.000001	0.840000
30.000000	114.999998	0.670000
30.000000	120.000000	0.590000
30.000000	125.000002	0.490000
30.000000	129.999998	0.370000
30.000000	135.000001	0.270000
30.000000	140.000003	0.200000
30.000000	144.999999	0.170000
30.000000	150.000001	0.160000
30.000000	154.999998	0.150000
30.000000	160.000000	0.140000
30.000000	165.000002	0.140000
30.000000	169.999998	0.130000
30.000000	175.000001	0.130000
30.000000	180.000003	0.140000
30.000000	184.999999	0.130000
30.000000	190.000001	0.120000
30.000000	194.999998	0.120000
30.000000	200.000000	0.130000
30.000000	205.000002	0.150000
30.000000	209.999998	0.180000
30.000000	215.000000	0.220000
30.000000	220.000003	0.280000
30.000000	224.999999	0.340000
30.000000	230.000001	0.390000
30.000000	234.999998	0.510000
30.000000	240.000000	0.640000
30.000000	245.000002	0.750000
30.000000	249.999998	0.840000
30.000000	255.000000	0.910000
30.000000	260.000003	1.070000
30.000000	264.999999	1.230000
30.000000	270.000001	1.190000
30.000000	274.999998	1.060000
30.000000	280.000000	0.980000
30.000000	285.000002	0.920000
30.000000	289.999998	0.830000
30.000000	295.000000	0.700000
30.000000	300.000003	0.600000
30.000000	304.999999	0.500000
30.000000	310.000001	0.410000
30.000000	314.999997	0.330000
30.000000	320.000000	0.260000
30.000000	325.000002	0.210000
30.000000	329.999998	0.160000
30.000000	335.000000	0.120000
30.000000	340.000002	0.100000
30.000000	344.999999	0.100000
30.000000	350.000001	0.090000
30.000000	354.999997	0.100000
35.000000	0.000000	0.150000
35.000000	5.000000	0.160000
35.000000	10.000000	0.160000
35.000000	15.000000	0.150000
35.000000	20.000000	0.140000
35.000000	25.000000	0.150000
35.000000	30.000000	0.160000
35.000000	35.000000	0.190000
35.000000	40.000000	0.240000
35.000000	45.000000	0.300000
35.000000	50.000000	0.360000
35.000000	55.000000	0.440000
35.000000	60.000003	0.530000
35.000000	64.999999	0.650000
35.000000	70.000001	0.820000
35.000000	74.999998	0.890000
35.000000	80.000000	1.060000
35.000000	85.000002	1.230000
35.000000	89.999998	1.210000
35.000000	95.000001	1.070000
35.000000	100.000003	0.890000
35.000000	104.999999	0.770000
35.000000	110.000001	0.670000
35.000000	114.999998	0.570000
35.000000	120.000000	0.440000
35.000000	125.000002	0.340000
35.000000	129.999998	0.270000
35.000000	135.000001	0.220000
35.000000	140.000003	0.200000
35.000000	144.999999	0.190000
35.000000	150.000001	0.180000
35.000000	154.999998	0.190000
35.000000	160.000000	0.200000
35.000000	165.000002	0.220000
35.000000	169.999998	0.220000
35.000000	175.000001	0.230000
35.000000	180.000003	0.240000
35.000000	184.999999	0.230000
35.000000	190.000001	0.210000
35.000000	194.999998	0.190000
35.000000	200.000000	0.180000
35.000000	205.000002	0.180000
35.000000	209.999998	0.190000
35.000000	215.000000	0.210000
35.000000	220.000003	0.220000
35.000000	224.999999	0.260000
35.000000	230.000001	0.310000
35.000000	234.999998	0.390000
35.000000	240.000000	0.490000
35.000000	245.000002	0.580000
35.000000	249.999998	0.660000
35.000000	255.000000	0.770000
35.000000	260.000003	1.020000
35.000000	264.999999	1.320000
35.000000	270.000001	1.370000
35.000000	274.999998	1.210000
35.000000	280.000000	1.040000
35.000000	285.000002	0.840000
35.000000	289.999998	0.720000
35.000000	295.000000	0.640000
35.000000	300.000003	0.510000
35.000000	304.999999	0.410000
35.000000	310.000001	0.320000
35.000000	314.999997	0.260000
35.000000	320.000000	0.220000
35.000000	325.000002	0.180000
35.000000	329.999998	0.160000
35.000000	335.000000	0.150000
35.000000	340.000002	0.150000
35.000000	344.999999	0.150000
35.000000	350.000001	0.160000
35.000000	354.999997	0.160000
40.000000	0.000000	0.690000
40.000000	5.000000	0.620000
40.000000	10.000000	0.520000
40.000000	15.000000	0.420000
40.000000	20.000000	0.340000
40.000000	25.000000	0.280000
40.000000	30.000000	0.270000
40.000000	35.000000	0.280000
40.000000	40.000000	0.280000
40.000000	45.000000	0.320000
40.000000	50.000000	0.400000
40.000000	55.000000	0.470000
40.000000	60.000003	0.550000
40.000000	64.999999	0.630000
40.000000	70.000001	0.760000
40.000000	74.999998	0.960000
40.000000	80.000000	1.250000
40.000000	85.000002	1.550000
40.000000	89.999998	1.590000
40.000000	95.000001	1.340000
40.000000	100.000003	1.010000
40.000000	104.999999	0.820000
40.000000	110.000001	0.690000
40.000000	114.999998	0.540000
40.000000	120.000000	0.440000
40.000000	125.000002	0.370000
40.000000	129.999998	0.310000
40.000000	135.000001	0.280000
40.000000	140.000003	0.290000
40.000000	144.999999	0.310000
40.000000	150.000001	0.340000
40.000000	154.999998	0.390000
40.000000	160.000000	0.470000
40.000000	165.000002	0.590000
40.000000	169.999998	0.730000
40.000000	175.000001	0.810000
40.000000	180.000003	0.810000
40.000000	184.999999	0.720000
40.000000	190.000001	0.580000
40.000000	194.999998	0.470000
40.000000	200.000000	0.420000
40.000000	205.000002	0.380000
40.000000	209.999998	0.320000
40.000000	215.000000	0.300000
40.000000	220.000003	0.300000
40.000000	224.999999	0.300000
40.000000	230.000001	0.330000
40.000000	234.999998	0.400000
40.000000	240.000000	0.470000
40.000000	245.000002	0.550000
40.000000	249.999998	0.650000
40.000000	255.000000	0.850000
40.000000	260.000003	1.220000
40.000000	264.999999	1.660000
40.000000	270.000001	1.900000
40.000000	274.999998	1.620000
40.000000	280.000000	1.160000
40.000000	285.000002	0.960000
40.000000	289.999998	0.780000
40.000000	295.000000	0.620000
40.000000	300.000003	0.490000
40.000000	304.999999	0.380000
40.000000	310.000001	0.320000
40.000000	314.999997	0.300000
40.000000	320.000000	0.280000
40.000000	325.000002	0.290000
40.000000	329.999998	0.300000
40.000000	335.000000	0.310000
40.000000	340.000002	0.400000
40.000000	344.999999	0.520000
40.000000	350.000001	0.590000
40.000000	354.999997	0.650000
45.000000	0.000000	2.270000
45.000000	5.000000	1.850000
45.000000	10.000000	1.460000
45.000000	15.000000	1.100000
45.000000	20.000000	0.800000
45.000000	25.000000	0.570000
45.000000	30.000000	0.470000
45.000000	35.000000	0.440000
45.000000	40.000000	0.390000
45.000000	45.000000	0.360000
45.000000	50.000000	0.380000
45.000000	55.000000	0.460000
45.000000	60.000003	0.550000
45.000000	64.999999	0.630000
45.000000	70.000001	0.730000
45.000000	74.999998	0.940000
45.000000	80.000000	1.290000
45.000000	85.000002	1.670000
45.000000	89.999998	1.730000
45.000000	95.000001	1.380000
45.000000	100.000003	1.000000
45.000000	104.999999	0.750000
45.000000	110.000001	0.570000
45.000000	114.999998	0.440000
45.000000	120.000000	0.380000
45.000000	125.000002	0.360000
45.000000	129.999998	0.330000
45.000000	135.000001	0.350000
45.000000	140.000003	0.420000
45.000000	144.999999	0.460000
45.000000	150.000001	0.550000
45.000000	154.999998	0.780000
45.000000	160.000000	1.050000
45.000000	165.000002	1.370000
45.000000	169.999998	1.780000
45.000000	175.000001	2.130000
45.000000	180.000003	2.270000
45.000000	184.999999	1.910000
45.000000	190.000001	1.360000
45.000000	194.999998	1.040000
45.000000	200.000000	0.810000
45.000000	205.000002	0.680000
45.000000	209.999998	0.600000
45.000000	215.000000	0.510000
45.000000	220.000003	0.440000
45.000000	224.999999	0.410000
45.000000	230.000001	0.380000
45.000000	234.999998	0.380000
45.000000	240.000000	0.410000
45.000000	245.000002	0.490000
45.000000	249.999998	0.570000
45.000000	255.000000	0.800000
45.000000	260.000003	1.270000
45.000000	264.999999	1.740000
45.000000	270.000001	1.950000
45.000000	274.999998	1.580000
45.000000	280.000000	1.030000
45.000000	285.000002	0.790000
45.000000	289.999998	0.620000
45.000000	295.000000	0.480000
45.000000	300.000003	0.430000
45.000000	304.999999	0.400000
45.000000	310.000001	0.390000
45.000000	314.999997	0.390000
45.000000	320.000000	0.410000
45.000000	325.000002	0.490000
45.000000	329.999998	0.540000
45.000000	335.000000	0.610000
45.000000	340.000002	0.870000
45.000000	344.999999	1.170000
45.000000	350.000001	1.600000
45.000000	354.999997	2.090000
50.000000	0.000000	2.150000
50.000000	5.000000	1.860000
50.000000	10.000000	1.710000
50.000000	15.000000	1.380000
50.000000	20.000000	1.030000
50.000000	25.000000	0.780000
50.000000	30.000000	0.640000
50.000000	35.000000	0.600000
50.000000	40.000000	0.550000
50.000000	45.000000	0.460000
50.000000	50.000000	0.420000
50.000000	55.000000	0.420000
50.000000	60.000003	0.460000
50.000000	64.999999	0.520000
50.000000	70.000001	0.620000
50.000000	74.999998	0.780000
50.000000	80.000000	1.060000
50.000000	85.000002	1.370000
50.000000	89.999998	1.410000
50.000000	95.000001	1.140000
50.000000	100.000003	0.780000
50.000000	104.999999	0.550000
50.000000	110.000001	0.480000
50.000000	114.999998	0.410000
50.000000	120.000000	0.390000
50.000000	125.000002	0.410000
50.000000	129.999998	0.430000
50.000000	135.000001	0.510000
50.000000	140.000003	0.640000
50.000000	144.999999	0.730000
50.000000	150.000001	0.830000
50.000000	154.999998	1.000000
50.000000	160.000000	1.250000
50.000000	165.000002	1.450000
50.000000	169.999998	1.640000
50.000000	175.000001	1.780000
50.000000	180.000003	1.760000
50.000000	184.999999	1.670000
50.000000	190.000001	1.450000
50.000000	194.999998	1.200000
50.000000	200.000000	1.020000
50.000000	205.000002	0.880000
50.000000	209.999998	0.790000
50.000000	215.000000	0.690000
50.000000	220.000003	0.640000
50.000000	224.999999	0.600000
50.000000	230.000001	0.490000
50.000000	234.999998	0.410000
50.000000	240.000000	0.400000
50.000000	245.000002	0.420000
50.000000	249.999998	0.500000
50.000000	255.000000	0.670000
50.000000	260.000003	0.950000
50.000000	264.999999	1.300000
50.000000	270.000001	1.340000
50.000000	274.999998	1.070000
50.000000	280.000000	0.830000
50.000000	285.000002	0.650000
50.000000	289.999998	0.520000
50.000000	295.000000	0.450000
50.000000	300.000003	0.410000
50.000000	304.999999	0.420000
50.000000	310.000001	0.460000
50.000000	314.999997	0.510000
50.000000	320.000000	0.580000
50.000000	325.000002	0.690000
50.000000	329.999998	0.840000
50.000000	335.000000	1.020000
50.000000	340.000002	1.180000
50.000000	344.999999	1.360000
50.000000	350.000001	1.620000
50.000000	354.999997	1.960000
55.000000	0.000000	1.550000
55.000000	5.000000	1.520000
55.000000	10.000000	1.610000
55.000000	15.000000	1.570000
55.000000	20.000000	1.370000
55.000000	25.000000	1.150000
55.000000	30.000000	0.970000
55.000000	35.000000	0.940000
55.000000	40.000000	0.910000
55.000000	45.000000	0.780000
55.000000	50.000000	0.660000
55.000000	55.000000	0.590000
55.000000	60.000003	0.590000
55.000000	64.999999	0.680000
55.000000	70.000001	0.750000
55.000000	74.999998	0.850000
55.000000	80.000000	1.110000
55.000000	85.000002	1.380000
55.000000	89.999998	1.380000
55.000000	95.000001	1.140000
55.000000	100.000003	0.860000
55.000000	104.999999	0.670000
55.000000	110.000001	0.570000
55.000000	114.999998	0.510000
55.000000	120.000000	0.550000
55.000000	125.000002	0.620000
55.000000	129.999998	0.760000
55.000000	135.000001	0.860000
55.000000	140.000003	0.950000
55.000000	144.999999	1.120000
55.000000	150.000001	1.330000
55.000000	154.999998	1.500000
55.000000	160.000000	1.520000
55.000000	165.000002	1.480000
55.000000	169.999998	1.400000
55.000000	175.000001	1.250000
55.000000	180.000003	1.220000
55.000000	184.999999	1.400000
55.000000	190.000001	1.520000
55.000000	194.999998	1.530000
55.000000	200.000000	1.460000
55.000000	205.000002	1.300000
55.000000	209.999998	1.080000
55.000000	215.000000	0.980000
55.000000	220.000003	0.930000
55.000000	224.999999	0.790000
55.000000	230.000001	0.700000
55.000000	234.999998	0.630000
55.000000	240.000000	0.560000
55.000000	245.000002	0.550000
55.000000	249.999998	0.650000
55.000000	255.000000	0.760000
55.000000	260.000003	0.940000
55.000000	264.999999	1.250000
55.000000	270.000001	1.320000
55.000000	274.999998	1.090000
55.000000	280.000000	0.870000
55.000000	285.000002	0.740000
55.000000	289.999998	0.620000
55.000000	295.000000	0.540000
55.000000	300.000003	0.550000
55.000000	304.999999	0.570000
55.000000	310.000001	0.670000
55.000000	314.999997	0.810000
55.000000	320.000000	0.950000
55.000000	325.000002	1.040000
55.000000	329.999998	1.190000
55.000000	335.000000	1.400000
55.000000	340.000002	1.490000
55.000000	344.999999	1.530000
55.000000	350.000001	1.550000
55.000000	354.999997	1.530000
60.000003	0.000000	1.160000
60.000003	5.000000	1.210000
60.000003	10.000000	1.380000
60.000003	15.000000	1.450000
60.000003	20.000000	1.360000
60.000003	25.000000	1.220000
60.000003	30.000000	1.100000
60.000003	35.000000	1.050000
60.000003	40.000000	1.030000
60.000003	45.000000	0.910000
60.000003	50.000000	0.750000
60.000003	55.000000	0.680000
60.000003	60.000003	0.690000
60.000003	64.999999	0.740000
60.000003	70.000001	0.790000
60.000003	74.999998	0.890000
60.000003	80.000000	0.990000
60.000003	85.000002	1.130000
60.000003	89.999998	1.210000
60.000003	95.000001	1.080000
60.000003	100.000003	0.850000
60.000003	104.999999	0.660000
60.000003	110.000001	0.570000
60.000003	114.999998	0.560000
60.000003	120.000000	0.650000
60.000003	125.000002	0.740000
60.000003	129.999998	0.860000
60.000003	135.000001	1.030000
60.000003	140.000003	1.160000
60.000003	144.999999	1.220000
60.000003	150.000001	1.280000
60.000003	154.999998	1.410000
60.000003	160.000000	1.490000
60.000003	165.000002	1.370000
60.000003	169.999998	1.150000
60.000003	175.000001	1.000000
60.000003	180.000003	0.960000
60.000003	184.999999	1.060000
60.000003	190.000001	1.260000
60.000003	194.999998	1.420000
60.000003	200.000000	1.420000
60.000003	205.000002	1.230000
60.000003	209.999998	1.080000
60.000003	215.000000	1.060000
60.000003	220.000003	1.030000
60.000003	224.999999	0.960000
60.000003	230.000001	0.840000
60.000003	234.999998	0.710000
60.000003	240.000000	0.640000
60.000003	245.000002	0.620000
60.000003	249.999998	0.650000
60.000003	255.000000	0.770000
60.000003	260.000003	0.930000
60.000003	264.999999	0.940000
60.000003	270.000001	0.950000
60.000003	274.999998	0.950000
60.000003	280.000000	0.830000
60.000003	285.000002	0.740000
60.000003	289.999998	0.670000
60.000003	295.000000	0.670000
60.000003	300.000003	0.660000
60.000003	304.999999	0.680000
60.000003	310.000001	0.780000
60.000003	314.999997	0.910000
60.000003	320.000000	1.000000
60.000003	325.000002	1.020000
60.000003	329.999998	1.180000
60.000003	335.000000	1.390000
60.000003	340.000002	1.430000
60.000003	344.999999	1.330000
60.000003	350.000001	1.210000
60.000003	354.999997	1.150000
64.999999	0.000000	1.290000
64.999999	5.000000	1.350000
64.999999	10.000000	1.390000
64.999999	15.000000	1.430000
64.999999	20.000000	1.380000
64.999999	25.000000	1.160000
64.999999	30.000000	0.980000
64.999999	35.000000	0.920000
64.999999	40.000000	0.920000
64.999999	45.000000	0.910000
64.999999	50.000000	0.810000
64.999999	55.000000	0.680000
64.999999	60.000003	0.640000
64.999999	64.999999	0.710000
64.999999	70.000001	0.800000
64.999999	74.999998	0.900000
64.999999	80.000000	0.990000
64.999999	85.000002	1.020000
64.999999	89.999998	1.040000
64.999999	95.000001	1.010000
64.999999	100.000003	0.890000
64.999999	104.999999	0.780000
64.999999	110.000001	0.680000
64.999999	114.999998	0.610000
64.999999	120.000000	0.680000
64.999999	125.000002	0.780000
64.999999	129.999998	0.880000
64.999999	135.000001	0.960000
64.999999	140.000003	0.970000
64.999999	144.999999	0.980000
64.999999	150.000001	1.100000
64.999999	154.999998	1.310000
64.999999	160.000000	1.390000
64.999999	165.000002	1.300000
64.999999	169.999998	1.140000
64.999999	175.000001	1.060000
64.999999	180.000003	1.100000
64.999999	184.999999	1.250000
64.999999	190.000001	1.460000
64.999999	194.999998	1.530000
64.999999	200.000000	1.380000
64.999999	205.000002	1.150000
64.999999	209.999998	0.990000
64.999999	215.000000	0.940000
64.999999	220.000003	0.980000
64.999999	224.999999	0.940000
64.999999	230.000001	0.810000
64.999999	234.999998	0.740000
64.999999	240.000000	0.680000
64.999999	245.000002	0.690000
64.999999	249.999998	0.740000
64.999999	255.000000	0.830000
64.999999	260.000003	0.910000
64.999999	264.999999	0.860000
64.999999	270.000001	0.810000
64.999999	274.999998	0.820000
64.999999	280.000000	0.880000
64.999999	285.000002	0.810000
64.999999	289.999998	0.710000
64.999999	295.000000	0.710000
64.999999	300.000003	0.690000
64.999999	304.999999	0.700000
64.999999	310.000001	0.760000
64.999999	314.999997	0.820000
64.999999	320.000000	0.840000
64.999999	325.000002	0.880000
64.999999	329.999998	1.000000
64.999999	335.000000	1.180000
64.999999	340.000002	1.280000
64.999999	344.999999	1.270000
64.999999	350.000001	1.210000
64.999999	354.999997	1.230000
70.000001	0.000000	1.880000
70.000001	5.000000	2.110000
70.000001	10.000000	2.250000
70.000001	15.000000	2.230000
70.000001	20.000000	2.110000
70.000001	25.000000	1.800000
70.000001	30.000000	1.510000
70.000001	35.000000	1.450000
70.000001	40.000000	1.440000
70.000001	45.000000	1.420000
70.000001	50.000000	1.320000
70.000001	55.000000	1.230000
70.000001	60.000003	1.160000
70.000001	64.999999	1.170000
70.000001	70.000001	1.320000
70.000001	74.999998	1.400000
70.000001	80.000000	1.410000
70.000001	85.000002	1.530000
70.000001	89.999998	1.490000
70.000001	95.000001	1.480000
70.000001	100.000003	1.550000
70.000001	104.999999	1.360000
70.000001	110.000001	1.120000
70.000001	114.999998	1.090000
70.000001	120.000000	1.190000
70.000001	125.000002	1.250000
70.000001	129.999998	1.340000
70.000001	135.000001	1.460000
70.000001	140.000003	1.490000
70.000001	144.999999	1.440000
70.000001	150.000001	1.560000
70.000001	154.999998	1.900000
70.000001	160.000000	2.270000
70.000001	165.000002	2.290000
70.000001	169.999998	1.870000
70.000001	175.000001	1.530000
70.000001	180.000003	1.530000
70.000001	184.999999	1.750000
70.000001	190.000001	2.000000
70.000001	194.999998	2.030000
70.000001	200.000000	1.890000
70.000001	205.000002	1.590000
70.000001	209.999998	1.380000
70.000001	215.000000	1.440000
70.000001	220.000003	1.570000
70.000001	224.999999	1.520000
70.000001	230.000001	1.340000
70.000001	234.999998	1.230000
70.000001	240.000000	1.180000
70.000001	245.000002	1.220000
70.000001	249.999998	1.270000
70.000001	255.000000	1.390000
70.000001	260.000003	1.450000
70.000001	264.999999	1.300000
70.000001	270.000001	1.200000
70.000001	274.999998	1.210000
70.000001	280.000000	1.270000
70.000001	285.000002	1.290000
70.000001	289.999998	1.210000
70.000001	295.000000	1.110000
70.000001	300.000003	1.060000
70.000001	304.999999	1.090000
70.000001	310.000001	1.200000
70.000001	314.999997	1.270000
70.000001	320.000000	1.290000
70.000001	325.000002	1.310000
70.000001	329.999998	1.500000
70.000001	335.000000	1.740000
70.000001	340.000002	1.980000
70.000001	344.999999	2.080000
70.000001	350.000001	1.980000
70.000001	354.999997	1.910000
74.999998	0.000000	0.880000
74.999998	5.000000	0.950000
74.999998	10.000000	1.120000
74.999998	15.000000	1.320000
74.999998	20.000000	1.320000
74.999998	25.000000	1.180000
74.999998	30.000000	1.050000
74.999998	35.000000	1.030000
74.999998	40.000000	1.030000
74.999998	45.000000	0.980000
74.999998	50.000000	0.880000
74.999998	55.000000	0.860000
74.999998	60.000003	0.870000
74.999998	64.999999	0.890000
74.999998	70.000001	1.020000
74.999998	74.999998	1.150000
74.999998	80.000000	1.120000
74.999998	85.000002	1.100000
74.999998	89.999998	1.140000
74.999998	95.000001	1.180000
74.999998	100.000003	1.240000
74.999998	104.999999	1.160000
74.999998	110.000001	0.970000
74.999998	114.999998	0.850000
74.999998	120.000000	0.880000
74.999998	125.000002	0.930000
74.999998	129.999998	0.990000
74.999998	135.000001	1.040000
74.999998	140.000003	1.020000
74.999998	144.999999	0.990000
74.999998	150.000001	1.020000
74.999998	154.999998	1.130000
74.999998	160.000000	1.160000
74.999998	165.000002	1.040000
74.999998	169.999998	0.830000
74.999998	175.000001	0.650000
74.999998	180.000003	0.640000
74.999998	184.999999	0.700000
74.999998	190.000001	0.820000
74.999998	194.999998	0.950000
74.999998	200.000000	1.000000
74.999998	205.000002	0.990000
74.999998	209.999998	1.000000
74.999998	215.000000	1.010000
74.999998	220.000003	1.100000
74.999998	224.999999	1.150000
74.999998	230.000001	1.010000
74.999998	234.999998	0.840000
74.999998	240.000000	0.780000
74.999998	245.000002	0.810000
74.999998	249.999998	0.880000
74.999998	255.000000	0.980000
74.999998	260.000003	0.950000
74.999998	264.999999	0.840000
74.999998	270.000001	0.830000
74.999998	274.999998	0.900000
74.999998	280.000000	0.910000
74.999998	285.000002	0.930000
74.999998	289.999998	0.860000
74.999998	295.000000	0.750000
74.999998	300.000003	0.730000
74.999998	304.999999	0.730000
74.999998	310.000001	0.800000
74.999998	314.999997	0.900000
74.999998	320.000000	0.970000
74.999998	325.000002	0.940000
74.999998	329.999998	0.990000
74.999998	335.000000	1.120000
74.999998	340.000002	1.150000
74.999998	344.999999	1.140000
74.999998	350.000001	1.010000
74.999998	354.999997	0.900000
80.000000	0.000000	0.880000
80.000000	5.000000	1.080000
80.000000	10.000000	1.170000
80.000000	15.000000	1.340000
80.000000	20.000000	1.480000
80.000000	25.000000	1.520000
80.000000	30.000000	1.490000
80.000000	35.000000	1.490000
80.000000	40.000000	1.500000
80.000000	45.000000	1.440000
80.000000	50.000000	1.320000
80.000000	55.000000	1.230000
80.000000	60.000003	1.200000
80.000000	64.999999	1.270000
80.000000	70.000001	1.440000
80.000000	74.999998	1.590000
80.000000	80.000000	1.610000
80.000000	85.000002	1.620000
80.000000	89.999998	1.680000
80.000000	95.000001	1.730000
80.000000	100.000003	1.810000
80.000000	104.999999	1.720000
80.000000	110.000001	1.480000
80.000000	114.999998	1.320000
80.000000	120.000000	1.240000
80.000000	125.000002	1.280000
80.000000	129.999998	1.490000
80.000000	135.000001	1.600000
80.000000	140.000003	1.430000
80.000000	144.999999	1.320000
80.000000	150.000001	1.290000
80.000000	154.999998	1.290000
80.000000	160.000000	1.190000
80.000000	165.000002	1.020000
80.000000	169.999998	0.870000
80.000000	175.000001	0.770000
80.000000	180.000003	0.780000
80.000000	184.999999	0.820000
80.000000	190.000001	0.860000
80.000000	194.999998	1.020000
80.000000	200.000000	1.230000
80.000000	205.000002	1.290000
80.000000	209.999998	1.270000
80.000000	215.000000	1.450000
80.000000	220.000003	1.670000
80.000000	224.999999	1.640000
80.000000	230.000001	1.370000
80.000000	234.999998	1.120000
80.000000	240.000000	1.070000
80.000000	245.000002	1.090000
80.000000	249.999998	1.180000
80.000000	255.000000	1.270000
80.000000	260.000003	1.250000
80.000000	264.999999	1.200000
80.000000	270.000001	1.210000
80.000000	274.999998	1.270000
80.000000	280.000000	1.380000
80.000000	285.000002	1.340000
80.000000	289.999998	1.230000
80.000000	295.000000	1.120000
80.000000	300.000003	0.980000
80.000000	304.999999	1.040000
80.000000	310.000001	1.290000
80.000000	314.999997	1.460000
80.000000	320.000000	1.390000
80.000000	325.000002	1.290000
80.000000	329.999998	1.290000
80.000000	335.000000	1.250000
80.000000	340.000002	1.250000
80.000000	344.999999	1.190000
80.000000	350.000001	1.040000
80.000000	354.999997	0.940000
