0.000000	0.000000	0.131667
5.000000	0.000000	0.160000
5.000000	5.000000	0.160000
5.000000	10.000000	0.160000
5.000000	15.000000	0.160000
5.000000	20.000000	0.160000
5.000000	25.000000	0.150000
5.000000	30.000000	0.150000
5.000000	35.000000	0.150000
5.000000	40.000000	0.150000
5.000000	45.000000	0.140000
5.000000	50.000000	0.140000
5.000000	55.000000	0.140000
5.000000	60.000003	0.140000
5.000000	64.999999	0.130000
5.000000	70.000001	0.130000
5.000000	74.999998	0.130000
5.000000	80.000000	0.140000
5.000000	85.000002	0.140000
5.000000	89.999998	0.140000
5.000000	95.000001	0.140000
5.000000	100.000003	0.150000
5.000000	104.999999	0.160000
5.000000	110.000001	0.160000
5.000000	114.999998	0.170000
5.000000	120.000000	0.170000
5.000000	125.000002	0.170000
5.000000	129.999998	0.160000
5.000000	135.000001	0.170000
5.000000	140.000003	0.170000
5.000000	144.999999	0.170000
5.000000	150.000001	0.180000
5.000000	154.999998	0.180000
5.000000	160.000000	0.190000
5.000000	165.000002	0.190000
5.000000	169.999998	0.200000
5.000000	175.000001	0.200000
5.000000	180.000003	0.200000
5.000000	184.999999	0.190000
5.000000	190.000001	0.190000
5.000000	194.999998	0.190000
5.000000	200.000000	0.190000
5.000000	205.000002	0.180000
5.000000	209.999998	0.170000
5.000000	215.000000	0.160000
5.000000	220.000003	0.150000
5.000000	224.999999	0.140000
5.000000	230.000001	0.140000
5.000000	234.999998	0.130000
5.000000	240.000000	0.130000
5.000000	245.000002	0.130000
5.000000	249.999998	0.130000
5.000000	255.000000	0.130000
5.000000	260.000003	0.130000
5.000000	264.999999	0.130000
5.000000	270.000001	0.130000
5.000000	274.999998	0.130000
5.000000	280.000000	0.130000
5.000000	285.000002	0.130000
5.000000	289.999998	0.130000
5.000000	295.000000	0.140000
5.000000	300.000003	0.140000
5.000000	304.999999	0.140000
5.000000	310.000001	0.150000
5.000000	314.999997	0.150000
5.000000	320.000000	0.140000
5.000000	325.000002	0.150000
5.000000	329.999998	0.160000
5.000000	335.000000	0.160000
5.000000	340.000002	0.170000
5.000000	344.999999	0.170000
5.000000	350.000001	0.170000
5.000000	354.999997	0.170000
10.000000	0.000000	0.480000
10.000000	5.000000	0.440000
10.000000	10.000000	0.420000
10.000000	15.000000	0.390000
10.000000	20.000000	0.340000
10.000000	25.000000	0.300000
10.000000	30.000000	0.270000
10.000000	35.000000	0.240000
10.000000	40.000000	0.230000
10.000000	45.000000	0.210000
10.000000	50.000000	0.190000
10.000000	55.000000	0.170000
10.000000	60.000003	0.160000
10.000000	64.999999	0.150000
10.000000	70.000001	0.150000
10.000000	74.999998	0.150000
10.000000	80.000000	0.150000
10.000000	85.000002	0.150000
10.000000	89.999998	0.150000
10.000000	95.000001	0.160000
10.000000	100.000003	0.170000
10.000000	104.999999	0.170000
10.000000	110.000001	0.190000
10.000000	114.999998	0.200000
10.000000	120.000000	0.210000
10.000000	125.000002	0.240000
10.000000	129.999998	0.270000
10.000000	135.000001	0.320000
10.000000	140.000003	0.390000
10.000000	144.999999	0.430000
10.000000	150.000001	0.440000
10.000000	154.999998	0.440000
10.000000	160.000000	0.460000
10.000000	165.000002	0.470000
10.000000	169.999998	0.470000
10.000000	175.000001	0.490000
10.000000	180.000003	0.510000
10.000000	184.999999	0.490000
10.000000	190.000001	0.470000
10.000000	194.999998	0.450000
10.000000	200.000000	0.460000
10.000000	205.000002	0.430000
10.000000	209.999998	0.390000
10.000000	215.000000	0.350000
10.000000	220.000003	0.300000
10.000000	224.999999	0.270000
10.000000	230.000001	0.240000
10.000000	234.999998	0.220000
10.000000	240.000000	0.210000
10.000000	245.000002	0.200000
10.000000	249.999998	0.180000
10.000000	255.000000	0.160000
10.000000	260.000003	0.150000
10.000000	264.999999	0.150000
10.000000	270.000001	0.150000
10.000000	274.999998	0.150000
10.000000	280.000000	0.150000
10.000000	285.000002	0.150000
10.000000	289.999998	0.160000
10.000000	295.000000	0.180000
10.000000	300.000003	0.190000
10.000000	304.999999	0.210000
10.000000	310.000001	0.240000
10.000000	314.999997	0.280000
10.000000	320.000000	0.310000
10.000000	325.000002	0.350000
10.000000	329.999998	0.370000
10.000000	335.000000	0.390000
10.000000	340.000002	0.400000
10.000000	344.999999	0.420000
10.000000	350.000001	0.440000
10.000000	354.999997	0.470000
15.000000	0.000000	0.980000
15.000000	5.000000	0.960000
15.000000	10.000000	0.950000
15.000000	15.000000	0.890000
15.000000	20.000000	0.820000
15.000000	25.000000	0.760000
15.000000	30.000000	0.700000
15.000000	35.000000	0.650000
15.000000	40.000000	0.570000
15.000000	45.000000	0.460000
15.000000	50.000000	0.370000
15.000000	55.000000	0.300000
15.000000	60.000003	0.250000
15.000000	64.999999	0.210000
15.000000	70.000001	0.190000
15.000000	74.999998	0.180000
15.000000	80.000000	0.180000
15.000000	85.000002	0.190000
15.000000	89.999998	0.190000
15.000000	95.000001	0.200000
15.000000	100.000003	0.210000
15.000000	104.999999	0.230000
15.000000	110.000001	0.250000
15.000000	114.999998	0.300000
15.000000	120.000000	0.370000
15.000000	125.000002	0.440000
15.000000	129.999998	0.520000
15.000000	135.000001	0.630000
15.000000	140.000003	0.740000
15.000000	144.999999	0.830000
15.000000	150.000001	0.880000
15.000000	154.999998	0.880000
15.000000	160.000000	0.880000
15.000000	165.000002	0.910000
15.000000	169.999998	0.910000
15.000000	175.000001	0.890000
15.000000	180.000003	0.880000
15.000000	184.999999	0.900000
15.000000	190.000001	0.890000
15.000000	194.999998	0.860000
15.000000	200.000000	0.840000
15.000000	205.000002	0.830000
15.000000	209.999998	0.810000
15.000000	215.000000	0.750000
15.000000	220.000003	0.650000
15.000000	224.999999	0.540000
15.000000	230.000001	0.440000
15.000000	234.999998	0.370000
15.000000	240.000000	0.310000
15.000000	245.000002	0.260000
15.000000	249.999998	0.230000
15.000000	255.000000	0.210000
15.000000	260.000003	0.190000
15.000000	264.999999	0.180000
15.000000	270.000001	0.170000
15.000000	274.999998	0.170000
15.000000	280.000000	0.170000
15.000000	285.000002	0.190000
15.000000	289.999998	0.220000
15.000000	295.000000	0.260000
15.000000	300.000003	0.330000
15.000000	304.999999	0.430000
15.000000	310.000001	0.500000
15.000000	314.999997	0.610000
15.000000	320.000000	0.740000
15.000000	325.000002	0.840000
15.000000	329.999998	0.910000
15.000000	335.000000	0.980000
15.000000	340.000002	1.000000
15.000000	344.999999	0.990000
15.000000	350.000001	1.010000
15.000000	354.999997	1.000000
20.000000	0.000000	1.200000
20.000000	5.000000	1.210000
20.000000	10.000000	1.170000
20.000000	15.000000	1.110000
20.000000	20.000000	1.050000
20.000000	25.000000	1.030000
20.000000	30.000000	1.030000
20.000000	35.000000	1.010000
20.000000	40.000000	0.900000
20.000000	45.000000	0.730000
20.000000	50.000000	0.580000
20.000000	55.000000	0.450000
20.000000	60.000003	0.350000
20.000000	64.999999	0.280000
20.000000	70.000001	0.240000
20.000000	74.999998	0.220000
20.000000	80.000000	0.200000
20.000000	85.000002	0.200000
20.000000	89.999998	0.200000
20.000000	95.000001	0.210000
20.000000	100.000003	0.230000
20.000000	104.999999	0.270000
20.000000	110.000001	0.330000
20.000000	114.999998	0.400000
20.000000	120.000000	0.500000
20.000000	125.000002	0.640000
20.000000	129.999998	0.770000
20.000000	135.000001	0.850000
20.000000	140.000003	0.900000
20.000000	144.999999	0.930000
20.000000	150.000001	0.960000
20.000000	154.999998	0.970000
20.000000	160.000000	0.980000
20.000000	165.000002	0.980000
20.000000	169.999998	1.000000
20.000000	175.000001	1.000000
20.000000	180.000003	0.970000
20.000000	184.999999	0.960000
20.000000	190.000001	0.970000
20.000000	194.999998	0.980000
20.000000	200.000000	0.970000
20.000000	205.000002	0.940000
20.000000	209.999998	0.950000
20.000000	215.000000	0.930000
20.000000	220.000003	0.850000
20.000000	224.999999	0.720000
20.000000	230.000001	0.600000
20.000000	234.999998	0.490000
20.000000	240.000000	0.390000
20.000000	245.000002	0.310000
20.000000	249.999998	0.250000
20.000000	255.000000	0.220000
20.000000	260.000003	0.200000
20.000000	264.999999	0.180000
20.000000	270.000001	0.170000
20.000000	274.999998	0.170000
20.000000	280.000000	0.190000
20.000000	285.000002	0.220000
20.000000	289.999998	0.260000
20.000000	295.000000	0.330000
20.000000	300.000003	0.430000
20.000000	304.999999	0.560000
20.000000	310.000001	0.680000
20.000000	314.999997	0.830000
20.000000	320.000000	0.960000
20.000000	325.000002	1.030000
20.000000	329.999998	1.120000
20.000000	335.000000	1.170000
20.000000	340.000002	1.190000
20.000000	344.999999	1.160000
20.000000	350.000001	1.080000
20.000000	354.999997	1.130000
25.000000	0.000000	1.130000
25.000000	5.000000	1.070000
25.000000	10.000000	1.070000
25.000000	15.000000	1.090000
25.000000	20.000000	1.140000
25.000000	25.000000	1.190000
25.000000	30.000000	1.180000
25.000000	35.000000	1.100000
25.000000	40.000000	0.970000
25.000000	45.000000	0.870000
25.000000	50.000000	0.770000
25.000000	55.000000	0.640000
25.000000	60.000003	0.500000
25.000000	64.999999	0.410000
25.000000	70.000001	0.350000
25.000000	74.999998	0.310000
25.000000	80.000000	0.270000
25.000000	85.000002	0.250000
25.000000	89.999998	0.270000
25.000000	95.000001	0.280000
25.000000	100.000003	0.310000
25.000000	104.999999	0.360000
25.000000	110.000001	0.450000
25.000000	114.999998	0.560000
25.000000	120.000000	0.670000
25.000000	125.000002	0.770000
25.000000	129.999998	0.870000
25.000000	135.000001	0.960000
25.000000	140.000003	0.990000
25.000000	144.999999	1.020000
25.000000	150.000001	1.010000
25.000000	154.999998	0.970000
25.000000	160.000000	0.930000
25.000000	165.000002	0.880000
25.000000	169.999998	0.830000
25.000000	175.000001	0.830000
25.000000	180.000003	0.840000
25.000000	184.999999	0.870000
25.000000	190.000001	0.900000
25.000000	194.999998	0.940000
25.000000	200.000000	1.010000
25.000000	205.000002	1.040000
25.000000	209.999998	1.060000
25.000000	215.000000	1.070000
25.000000	220.000003	0.990000
25.000000	224.999999	0.850000
25.000000	230.000001	0.720000
25.000000	234.999998	0.590000
25.000000	240.000000	0.480000
25.000000	245.000002	0.400000
25.000000	249.999998	0.330000
25.000000	255.000000	0.290000
25.000000	260.000003	0.260000
25.000000	264.999999	0.230000
25.000000	270.000001	0.230000
25.000000	274.999998	0.240000
25.000000	280.000000	0.250000
25.000000	285.000002	0.280000
25.000000	289.999998	0.350000
25.000000	295.000000	0.450000
25.000000	300.000003	0.560000
25.000000	304.999999	0.690000
25.000000	310.000001	0.850000
25.000000	314.999997	0.960000
25.000000	320.000000	1.020000
25.000000	325.000002	1.060000
25.000000	329.999998	1.080000
25.000000	335.000000	1.090000
25.000000	340.000002	1.070000
25.000000	344.999999	1.020000
25.000000	350.000001	1.000000
25.000000	354.999997	1.070000
30.000000	0.000000	0.880000
30.000000	5.000000	0.860000
30.000000	10.000000	0.850000
30.000000	15.000000	0.830000
30.000000	20.000000	0.820000
30.000000	25.000000	0.890000
30.000000	30.000000	1.020000
30.000000	35.000000	1.050000
30.000000	40.000000	0.970000
30.000000	45.000000	0.890000
30.000000	50.000000	0.800000
30.000000	55.000000	0.660000
30.000000	60.000003	0.540000
30.000000	64.999999	0.470000
30.000000	70.000001	0.410000
30.000000	74.999998	0.340000
30.000000	80.000000	0.320000
30.000000	85.000002	0.320000
30.000000	89.999998	0.330000
30.000000	95.000001	0.340000
30.000000	100.000003	0.380000
30.000000	104.999999	0.440000
30.000000	110.000001	0.520000
30.000000	114.999998	0.590000
30.000000	120.000000	0.670000
30.000000	125.000002	0.760000
30.000000	129.999998	0.860000
30.000000	135.000001	0.950000
30.000000	140.000003	0.940000
30.000000	144.999999	0.880000
30.000000	150.000001	0.810000
30.000000	154.999998	0.750000
30.000000	160.000000	0.720000
30.000000	165.000002	0.700000
30.000000	169.999998	0.710000
30.000000	175.000001	0.730000
30.000000	180.000003	0.750000
30.000000	184.999999	0.760000
30.000000	190.000001	0.730000
30.000000	194.999998	0.740000
30.000000	200.000000	0.800000
30.000000	205.000002	0.870000
30.000000	209.999998	0.960000
30.000000	215.000000	1.020000
30.000000	220.000003	1.000000
30.000000	224.999999	0.880000
30.000000	230.000001	0.760000
30.000000	234.999998	0.640000
30.000000	240.000000	0.500000
30.000000	245.000002	0.440000
30.000000	249.999998	0.390000
30.000000	255.000000	0.340000
30.000000	260.000003	0.310000
30.000000	264.999999	0.280000
30.000000	270.000001	0.270000
30.000000	274.999998	0.290000
30.000000	280.000000	0.310000
30.000000	285.000002	0.340000
30.000000	289.999998	0.390000
30.000000	295.000000	0.470000
30.000000	300.000003	0.570000
30.000000	304.999999	0.680000
30.000000	310.000001	0.810000
30.000000	314.999997	0.960000
30.000000	320.000000	1.040000
30.000000	325.000002	1.000000
30.000000	329.999998	0.900000
30.000000	335.000000	0.840000
30.000000	340.000002	0.820000
30.000000	344.999999	0.840000
30.000000	350.000001	0.850000
30.000000	354.999997	0.870000
35.000000	0.000000	0.820000
35.000000	5.000000	0.850000
35.000000	10.000000	0.880000
35.000000	15.000000	0.880000
35.000000	20.000000	0.870000
35.000000	25.000000	0.810000
35.000000	30.000000	0.770000
35.000000	35.000000	0.770000
35.000000	40.000000	0.800000
35.000000	45.000000	0.790000
35.000000	50.000000	0.700000
35.000000	55.000000	0.590000
35.000000	60.000003	0.510000
35.000000	64.999999	0.460000
35.000000	70.000001	0.420000
35.000000	74.999998	0.410000
35.000000	80.000000	0.400000
35.000000	85.000002	0.370000
35.000000	89.999998	0.370000
35.000000	95.000001	0.400000
35.000000	100.000003	0.440000
35.000000	104.999999	0.480000
35.000000	110.000001	0.540000
35.000000	114.999998	0.580000
35.000000	120.000000	0.620000
35.000000	125.000002	0.700000
35.000000	129.999998	0.750000
35.000000	135.000001	0.750000
35.000000	140.000003	0.750000
35.000000	144.999999	0.720000
35.000000	150.000001	0.700000
35.000000	154.999998	0.700000
35.000000	160.000000	0.710000
35.000000	165.000002	0.710000
35.000000	169.999998	0.720000
35.000000	175.000001	0.730000
35.000000	180.000003	0.700000
35.000000	184.999999	0.710000
35.000000	190.000001	0.730000
35.000000	194.999998	0.720000
35.000000	200.000000	0.750000
35.000000	205.000002	0.780000
35.000000	209.999998	0.790000
35.000000	215.000000	0.810000
35.000000	220.000003	0.860000
35.000000	224.999999	0.810000
35.000000	230.000001	0.680000
35.000000	234.999998	0.570000
35.000000	240.000000	0.480000
35.000000	245.000002	0.420000
35.000000	249.999998	0.390000
35.000000	255.000000	0.380000
35.000000	260.000003	0.350000
35.000000	264.999999	0.320000
35.000000	270.000001	0.320000
35.000000	274.999998	0.360000
35.000000	280.000000	0.400000
35.000000	285.000002	0.410000
35.000000	289.999998	0.400000
35.000000	295.000000	0.430000
35.000000	300.000003	0.500000
35.000000	304.999999	0.630000
35.000000	310.000001	0.750000
35.000000	314.999997	0.770000
35.000000	320.000000	0.750000
35.000000	325.000002	0.790000
35.000000	329.999998	0.820000
35.000000	335.000000	0.830000
35.000000	340.000002	0.840000
35.000000	344.999999	0.830000
35.000000	350.000001	0.820000
35.000000	354.999997	0.820000
40.000000	0.000000	0.790000
40.000000	5.000000	0.790000
40.000000	10.000000	0.800000
40.000000	15.000000	0.870000
40.000000	20.000000	0.930000
40.000000	25.000000	0.970000
40.000000	30.000000	1.010000
40.000000	35.000000	1.000000
40.000000	40.000000	0.940000
40.000000	45.000000	0.870000
40.000000	50.000000	0.790000
40.000000	55.000000	0.700000
40.000000	60.000003	0.610000
40.000000	64.999999	0.560000
40.000000	70.000001	0.540000
40.000000	74.999998	0.550000
40.000000	80.000000	0.550000
40.000000	85.000002	0.520000
40.000000	89.999998	0.520000
40.000000	95.000001	0.560000
40.000000	100.000003	0.600000
40.000000	104.999999	0.620000
40.000000	110.000001	0.640000
40.000000	114.999998	0.670000
40.000000	120.000000	0.730000
40.000000	125.000002	0.800000
40.000000	129.999998	0.860000
40.000000	135.000001	0.910000
40.000000	140.000003	0.920000
40.000000	144.999999	0.940000
40.000000	150.000001	0.930000
40.000000	154.999998	0.840000
40.000000	160.000000	0.740000
40.000000	165.000002	0.660000
40.000000	169.999998	0.650000
40.000000	175.000001	0.660000
40.000000	180.000003	0.650000
40.000000	184.999999	0.660000
40.000000	190.000001	0.690000
40.000000	194.999998	0.720000
40.000000	200.000000	0.790000
40.000000	205.000002	0.930000
40.000000	209.999998	1.060000
40.000000	215.000000	1.100000
40.000000	220.000003	1.070000
40.000000	224.999999	0.950000
40.000000	230.000001	0.800000
40.000000	234.999998	0.670000
40.000000	240.000000	0.570000
40.000000	245.000002	0.520000
40.000000	249.999998	0.520000
40.000000	255.000000	0.540000
40.000000	260.000003	0.520000
40.000000	264.999999	0.480000
40.000000	270.000001	0.490000
40.000000	274.999998	0.520000
40.000000	280.000000	0.540000
40.000000	285.000002	0.530000
40.000000	289.999998	0.510000
40.000000	295.000000	0.520000
40.000000	300.000003	0.560000
40.000000	304.999999	0.660000
40.000000	310.000001	0.790000
40.000000	314.999997	0.900000
40.000000	320.000000	0.980000
40.000000	325.000002	1.010000
40.000000	329.999998	1.030000
40.000000	335.000000	0.990000
40.000000	340.000002	0.930000
40.000000	344.999999	0.870000
40.000000	350.000001	0.820000
40.000000	354.999997	0.790000
45.000000	0.000000	0.530000
45.000000	5.000000	0.560000
45.000000	10.000000	0.590000
45.000000	15.000000	0.640000
45.000000	20.000000	0.730000
45.000000	25.000000	0.840000
45.000000	30.000000	1.030000
45.000000	35.000000	1.250000
45.000000	40.000000	1.360000
45.000000	45.000000	1.200000
45.000000	50.000000	0.960000
45.000000	55.000000	0.820000
45.000000	60.000003	0.720000
45.000000	64.999999	0.650000
45.000000	70.000001	0.630000
45.000000	74.999998	0.670000
45.000000	80.000000	0.730000
45.000000	85.000002	0.720000
45.000000	89.999998	0.720000
45.000000	95.000001	0.760000
45.000000	100.000003	0.770000
45.000000	104.999999	0.760000
45.000000	110.000001	0.740000
45.000000	114.999998	0.750000
45.000000	120.000000	0.830000
45.000000	125.000002	0.990000
45.000000	129.999998	1.150000
45.000000	135.000001	1.260000
45.000000	140.000003	1.180000
45.000000	144.999999	0.950000
45.000000	150.000001	0.760000
45.000000	154.999998	0.600000
45.000000	160.000000	0.520000
45.000000	165.000002	0.470000
45.000000	169.999998	0.450000
45.000000	175.000001	0.430000
45.000000	180.000003	0.430000
45.000000	184.999999	0.450000
45.000000	190.000001	0.470000
45.000000	194.999998	0.490000
45.000000	200.000000	0.550000
45.000000	205.000002	0.700000
45.000000	209.999998	0.980000
45.000000	215.000000	1.300000
45.000000	220.000003	1.440000
45.000000	224.999999	1.360000
45.000000	230.000001	1.120000
45.000000	234.999998	0.850000
45.000000	240.000000	0.690000
45.000000	245.000002	0.610000
45.000000	249.999998	0.620000
45.000000	255.000000	0.660000
45.000000	260.000003	0.670000
45.000000	264.999999	0.700000
45.000000	270.000001	0.710000
45.000000	274.999998	0.700000
45.000000	280.000000	0.680000
45.000000	285.000002	0.620000
45.000000	289.999998	0.570000
45.000000	295.000000	0.580000
45.000000	300.000003	0.630000
45.000000	304.999999	0.770000
45.000000	310.000001	1.010000
45.000000	314.999997	1.260000
45.000000	320.000000	1.380000
45.000000	325.000002	1.240000
45.000000	329.999998	1.000000
45.000000	335.000000	0.800000
45.000000	340.000002	0.660000
45.000000	344.999999	0.580000
45.000000	350.000001	0.540000
45.000000	354.999997	0.530000
50.000000	0.000000	0.350000
50.000000	5.000000	0.370000
50.000000	10.000000	0.390000
50.000000	15.000000	0.440000
50.000000	20.000000	0.520000
50.000000	25.000000	0.650000
50.000000	30.000000	0.880000
50.000000	35.000000	1.300000
50.000000	40.000000	1.740000
50.000000	45.000000	1.710000
50.000000	50.000000	1.320000
50.000000	55.000000	1.050000
50.000000	60.000003	0.870000
50.000000	64.999999	0.760000
50.000000	70.000001	0.720000
50.000000	74.999998	0.770000
50.000000	80.000000	0.850000
50.000000	85.000002	0.880000
50.000000	89.999998	0.910000
50.000000	95.000001	0.950000
50.000000	100.000003	0.930000
50.000000	104.999999	0.870000
50.000000	110.000001	0.830000
50.000000	114.999998	0.890000
50.000000	120.000000	1.050000
50.000000	125.000002	1.340000
50.000000	129.999998	1.660000
50.000000	135.000001	1.740000
50.000000	140.000003	1.360000
50.000000	144.999999	0.880000
50.000000	150.000001	0.600000
50.000000	154.999998	0.440000
50.000000	160.000000	0.380000
50.000000	165.000002	0.350000
50.000000	169.999998	0.330000
50.000000	175.000001	0.340000
50.000000	180.000003	0.350000
50.000000	184.999999	0.370000
50.000000	190.000001	0.400000
50.000000	194.999998	0.430000
50.000000	200.000000	0.470000
50.000000	205.000002	0.530000
50.000000	209.999998	0.710000
50.000000	215.000000	1.170000
50.000000	220.000003	1.770000
50.000000	224.999999	1.910000
50.000000	230.000001	1.510000
50.000000	234.999998	1.090000
50.000000	240.000000	0.850000
50.000000	245.000002	0.730000
50.000000	249.999998	0.700000
50.000000	255.000000	0.750000
50.000000	260.000003	0.830000
50.000000	264.999999	0.860000
50.000000	270.000001	0.830000
50.000000	274.999998	0.810000
50.000000	280.000000	0.770000
50.000000	285.000002	0.670000
50.000000	289.999998	0.620000
50.000000	295.000000	0.650000
50.000000	300.000003	0.750000
50.000000	304.999999	1.040000
50.000000	310.000001	1.460000
50.000000	314.999997	1.730000
50.000000	320.000000	1.550000
50.000000	325.000002	1.150000
50.000000	329.999998	0.840000
50.000000	335.000000	0.590000
50.000000	340.000002	0.460000
50.000000	344.999999	0.400000
50.000000	350.000001	0.360000
50.000000	354.999997	0.350000
55.000000	0.000000	0.330000
55.000000	5.000000	0.330000
55.000000	10.000000	0.350000
55.000000	15.000000	0.380000
55.000000	20.000000	0.440000
55.000000	25.000000	0.540000
55.000000	30.000000	0.720000
55.000000	35.000000	1.070000
55.000000	40.000000	1.540000
55.000000	45.000000	1.810000
55.000000	50.000000	1.680000
55.000000	55.000000	1.310000
55.000000	60.000003	1.000000
55.000000	64.999999	0.860000
55.000000	70.000001	0.810000
55.000000	74.999998	0.840000
55.000000	80.000000	0.930000
55.000000	85.000002	1.040000
55.000000	89.999998	1.090000
55.000000	95.000001	1.060000
55.000000	100.000003	1.010000
55.000000	104.999999	0.970000
55.000000	110.000001	0.970000
55.000000	114.999998	1.050000
55.000000	120.000000	1.250000
55.000000	125.000002	1.600000
55.000000	129.999998	1.890000
55.000000	135.000001	1.630000
55.000000	140.000003	1.030000
55.000000	144.999999	0.650000
55.000000	150.000001	0.460000
55.000000	154.999998	0.380000
55.000000	160.000000	0.340000
55.000000	165.000002	0.330000
55.000000	169.999998	0.350000
55.000000	175.000001	0.370000
55.000000	180.000003	0.400000
55.000000	184.999999	0.420000
55.000000	190.000001	0.440000
55.000000	194.999998	0.460000
55.000000	200.000000	0.480000
55.000000	205.000002	0.520000
55.000000	209.999998	0.600000
55.000000	215.000000	0.870000
55.000000	220.000003	1.430000
55.000000	224.999999	1.770000
55.000000	230.000001	1.600000
55.000000	234.999998	1.250000
55.000000	240.000000	0.970000
55.000000	245.000002	0.810000
55.000000	249.999998	0.760000
55.000000	255.000000	0.830000
55.000000	260.000003	0.900000
55.000000	264.999999	0.910000
55.000000	270.000001	0.920000
55.000000	274.999998	0.890000
55.000000	280.000000	0.830000
55.000000	285.000002	0.760000
55.000000	289.999998	0.700000
55.000000	295.000000	0.760000
55.000000	300.000003	0.960000
55.000000	304.999999	1.410000
55.000000	310.000001	1.790000
55.000000	314.999997	1.820000
55.000000	320.000000	1.460000
55.000000	325.000002	0.950000
55.000000	329.999998	0.670000
55.000000	335.000000	0.500000
55.000000	340.000002	0.390000
55.000000	344.999999	0.340000
55.000000	350.000001	0.320000
55.000000	354.999997	0.320000
60.000003	0.000000	0.330000
60.000003	5.000000	0.340000
60.000003	10.000000	0.350000
60.000003	15.000000	0.370000
60.000003	20.000000	0.420000
60.000003	25.000000	0.490000
60.000003	30.000000	0.610000
60.000003	35.000000	0.860000
60.000003	40.000000	1.250000
60.000003	45.000000	1.570000
60.000003	50.000000	1.580000
60.000003	55.000000	1.330000
60.000003	60.000003	1.070000
60.000003	64.999999	0.930000
60.000003	70.000001	0.890000
60.000003	74.999998	0.910000
60.000003	80.000000	1.020000
60.000003	85.000002	1.120000
60.000003	89.999998	1.140000
60.000003	95.000001	1.090000
60.000003	100.000003	1.050000
60.000003	104.999999	1.020000
60.000003	110.000001	1.010000
60.000003	114.999998	1.100000
60.000003	120.000000	1.290000
60.000003	125.000002	1.510000
60.000003	129.999998	1.550000
60.000003	135.000001	1.230000
60.000003	140.000003	0.800000
60.000003	144.999999	0.540000
60.000003	150.000001	0.410000
60.000003	154.999998	0.380000
60.000003	160.000000	0.380000
60.000003	165.000002	0.380000
60.000003	169.999998	0.410000
60.000003	175.000001	0.440000
60.000003	180.000003	0.490000
60.000003	184.999999	0.520000
60.000003	190.000001	0.540000
60.000003	194.999998	0.550000
60.000003	200.000000	0.540000
60.000003	205.000002	0.540000
60.000003	209.999998	0.580000
60.000003	215.000000	0.680000
60.000003	220.000003	0.940000
60.000003	224.999999	1.240000
60.000003	230.000001	1.360000
60.000003	234.999998	1.230000
60.000003	240.000000	1.040000
60.000003	245.000002	0.930000
60.000003	249.999998	0.880000
60.000003	255.000000	0.900000
60.000003	260.000003	0.970000
60.000003	264.999999	1.000000
60.000003	270.000001	1.010000
60.000003	274.999998	0.980000
60.000003	280.000000	0.890000
60.000003	285.000002	0.830000
60.000003	289.999998	0.790000
60.000003	295.000000	0.830000
60.000003	300.000003	1.050000
60.000003	304.999999	1.380000
60.000003	310.000001	1.590000
60.000003	314.999997	1.450000
60.000003	320.000000	1.090000
60.000003	325.000002	0.780000
60.000003	329.999998	0.590000
60.000003	335.000000	0.480000
60.000003	340.000002	0.410000
60.000003	344.999999	0.350000
60.000003	350.000001	0.320000
60.000003	354.999997	0.320000
64.999999	0.000000	0.460000
64.999999	5.000000	0.480000
64.999999	10.000000	0.480000
64.999999	15.000000	0.480000
64.999999	20.000000	0.520000
64.999999	25.000000	0.590000
64.999999	30.000000	0.700000
64.999999	35.000000	0.880000
64.999999	40.000000	1.160000
64.999999	45.000000	1.420000
64.999999	50.000000	1.560000
64.999999	55.000000	1.540000
64.999999	60.000003	1.350000
64.999999	64.999999	1.190000
64.999999	70.000001	1.140000
64.999999	74.999998	1.180000
64.999999	80.000000	1.250000
64.999999	85.000002	1.320000
64.999999	89.999998	1.350000
64.999999	95.000001	1.310000
64.999999	100.000003	1.280000
64.999999	104.999999	1.240000
64.999999	110.000001	1.230000
64.999999	114.999998	1.340000
64.999999	120.000000	1.510000
64.999999	125.000002	1.580000
64.999999	129.999998	1.380000
64.999999	135.000001	1.050000
64.999999	140.000003	0.790000
64.999999	144.999999	0.630000
64.999999	150.000001	0.550000
64.999999	154.999998	0.520000
64.999999	160.000000	0.530000
64.999999	165.000002	0.570000
64.999999	169.999998	0.630000
64.999999	175.000001	0.700000
64.999999	180.000003	0.780000
64.999999	184.999999	0.820000
64.999999	190.000001	0.850000
64.999999	194.999998	0.840000
64.999999	200.000000	0.790000
64.999999	205.000002	0.770000
64.999999	209.999998	0.780000
64.999999	215.000000	0.820000
64.999999	220.000003	0.960000
64.999999	224.999999	1.130000
64.999999	230.000001	1.300000
64.999999	234.999998	1.380000
64.999999	240.000000	1.300000
64.999999	245.000002	1.180000
64.999999	249.999998	1.150000
64.999999	255.000000	1.180000
64.999999	260.000003	1.220000
64.999999	264.999999	1.250000
64.999999	270.000001	1.270000
64.999999	274.999998	1.230000
64.999999	280.000000	1.130000
64.999999	285.000002	1.080000
64.999999	289.999998	1.080000
64.999999	295.000000	1.160000
64.999999	300.000003	1.350000
64.999999	304.999999	1.520000
64.999999	310.000001	1.500000
64.999999	314.999997	1.290000
64.999999	320.000000	1.040000
64.999999	325.000002	0.820000
64.999999	329.999998	0.680000
64.999999	335.000000	0.610000
64.999999	340.000002	0.530000
64.999999	344.999999	0.470000
64.999999	350.000001	0.460000
64.999999	354.999997	0.470000
70.000001	0.000000	0.590000
70.000001	5.000000	0.570000
70.000001	10.000000	0.560000
70.000001	15.000000	0.550000
70.000001	20.000000	0.530000
70.000001	25.000000	0.570000
70.000001	30.000000	0.640000
70.000001	35.000000	0.740000
70.000001	40.000000	0.880000
70.000001	45.000000	1.050000
70.000001	50.000000	1.210000
70.000001	55.000000	1.280000
70.000001	60.000003	1.210000
70.000001	64.999999	1.100000
70.000001	70.000001	1.070000
70.000001	74.999998	1.110000
70.000001	80.000000	1.140000
70.000001	85.000002	1.140000
70.000001	89.999998	1.130000
70.000001	95.000001	1.140000
70.000001	100.000003	1.130000
70.000001	104.999999	1.070000
70.000001	110.000001	1.060000
70.000001	114.999998	1.170000
70.000001	120.000000	1.250000
70.000001	125.000002	1.200000
70.000001	129.999998	1.010000
70.000001	135.000001	0.810000
70.000001	140.000003	0.680000
70.000001	144.999999	0.600000
70.000001	150.000001	0.560000
70.000001	154.999998	0.580000
70.000001	160.000000	0.650000
70.000001	165.000002	0.740000
70.000001	169.999998	0.830000
70.000001	175.000001	0.880000
70.000001	180.000003	0.970000
70.000001	184.999999	1.060000
70.000001	190.000001	1.060000
70.000001	194.999998	0.970000
70.000001	200.000000	0.870000
70.000001	205.000002	0.770000
70.000001	209.999998	0.720000
70.000001	215.000000	0.720000
70.000001	220.000003	0.780000
70.000001	224.999999	0.870000
70.000001	230.000001	0.990000
70.000001	234.999998	1.100000
70.000001	240.000000	1.130000
70.000001	245.000002	1.050000
70.000001	249.999998	1.010000
70.000001	255.000000	1.080000
70.000001	260.000003	1.130000
70.000001	264.999999	1.130000
70.000001	270.000001	1.110000
70.000001	274.999998	1.070000
70.000001	280.000000	1.060000
70.000001	285.000002	1.050000
70.000001	289.999998	1.030000
70.000001	295.000000	1.140000
70.000001	300.000003	1.280000
70.000001	304.999999	1.290000
70.000001	310.000001	1.160000
70.000001	314.999997	1.020000
70.000001	320.000000	0.890000
70.000001	325.000002	0.760000
70.000001	329.999998	0.690000
70.000001	335.000000	0.640000
70.000001	340.000002	0.600000
70.000001	344.999999	0.580000
70.000001	350.000001	0.580000
70.000001	354.999997	0.590000
74.999998	0.000000	1.420000
74.999998	5.000000	1.370000
74.999998	10.000000	1.300000
74.999998	15.000000	1.170000
74.999998	20.000000	1.050000
74.999998	25.000000	1.030000
74.999998	30.000000	1.100000
74.999998	35.000000	1.220000
74.999998	40.000000	1.370000
74.999998	45.000000	1.530000
74.999998	50.000000	1.710000
74.999998	55.000000	1.890000
74.999998	60.000003	1.910000
74.999998	64.999999	1.830000
74.999998	70.000001	1.790000
74.999998	74.999998	1.810000
74.999998	80.000000	1.780000
74.999998	85.000002	1.710000
74.999998	89.999998	1.700000
74.999998	95.000001	1.750000
74.999998	100.000003	1.760000
74.999998	104.999999	1.680000
74.999998	110.000001	1.660000
74.999998	114.999998	1.730000
74.999998	120.000000	1.810000
74.999998	125.000002	1.700000
74.999998	129.999998	1.480000
74.999998	135.000001	1.280000
74.999998	140.000003	1.140000
74.999998	144.999999	1.070000
74.999998	150.000001	1.090000
74.999998	154.999998	1.190000
74.999998	160.000000	1.430000
74.999998	165.000002	1.800000
74.999998	169.999998	2.020000
74.999998	175.000001	2.070000
74.999998	180.000003	2.170000
74.999998	184.999999	2.320000
74.999998	190.000001	2.300000
74.999998	194.999998	2.020000
74.999998	200.000000	1.670000
74.999998	205.000002	1.420000
74.999998	209.999998	1.270000
74.999998	215.000000	1.180000
74.999998	220.000003	1.230000
74.999998	224.999999	1.310000
74.999998	230.000001	1.410000
74.999998	234.999998	1.590000
74.999998	240.000000	1.700000
74.999998	245.000002	1.660000
74.999998	249.999998	1.650000
74.999998	255.000000	1.710000
74.999998	260.000003	1.700000
74.999998	264.999999	1.620000
74.999998	270.000001	1.560000
74.999998	274.999998	1.590000
74.999998	280.000000	1.660000
74.999998	285.000002	1.710000
74.999998	289.999998	1.730000
74.999998	295.000000	1.820000
74.999998	300.000003	1.930000
74.999998	304.999999	1.920000
74.999998	310.000001	1.790000
74.999998	314.999997	1.580000
74.999998	320.000000	1.440000
74.999998	325.000002	1.360000
74.999998	329.999998	1.270000
74.999998	335.000000	1.200000
74.999998	340.000002	1.250000
74.999998	344.999999	1.350000
74.999998	350.000001	1.450000
74.999998	354.999997	1.460000
80.000000	0.000000	1.920000
80.000000	5.000000	1.840000
80.000000	10.000000	1.720000
80.000000	15.000000	1.490000
80.000000	20.000000	1.310000
80.000000	25.000000	1.230000
80.000000	30.000000	1.210000
80.000000	35.000000	1.310000
80.000000	40.000000	1.440000
80.000000	45.000000	1.560000
80.000000	50.000000	1.710000
80.000000	55.000000	1.830000
80.000000	60.000003	1.870000
80.000000	64.999999	1.840000
80.000000	70.000001	1.810000
80.000000	74.999998	1.800000
80.000000	80.000000	1.730000
80.000000	85.000002	1.620000
80.000000	89.999998	1.590000
80.000000	95.000001	1.660000
80.000000	100.000003	1.680000
80.000000	104.999999	1.660000
80.000000	110.000001	1.620000
80.000000	114.999998	1.680000
80.000000	120.000000	1.740000
80.000000	125.000002	1.630000
80.000000	129.999998	1.490000
80.000000	135.000001	1.340000
80.000000	140.000003	1.250000
80.000000	144.999999	1.250000
80.000000	150.000001	1.310000
80.000000	154.999998	1.420000
80.000000	160.000000	1.730000
80.000000	165.000002	2.200000
80.000000	169.999998	2.470000
80.000000	175.000001	2.450000
80.000000	180.000003	2.420000
80.000000	184.999999	2.540000
80.000000	190.000001	2.540000
80.000000	194.999998	2.160000
80.000000	200.000000	1.710000
80.000000	205.000002	1.420000
80.000000	209.999998	1.230000
80.000000	215.000000	1.190000
80.000000	220.000003	1.240000
80.000000	224.999999	1.310000
80.000000	230.000001	1.390000
80.000000	234.999998	1.480000
80.000000	240.000000	1.550000
80.000000	245.000002	1.550000
80.000000	249.999998	1.490000
80.000000	255.000000	1.430000
80.000000	260.000003	1.320000
80.000000	264.999999	1.190000
80.000000	270.000001	1.140000
80.000000	274.999998	1.180000
80.000000	280.000000	1.330000
80.000000	285.000002	1.490000
80.000000	289.999998	1.600000
80.000000	295.000000	1.730000
80.000000	300.000003	1.810000
80.000000	304.999999	1.780000
80.000000	310.000001	1.730000
80.000000	314.999997	1.610000
80.000000	320.000000	1.480000
80.000000	325.000002	1.420000
80.000000	329.999998	1.430000
80.000000	335.000000	1.480000
80.000000	340.000002	1.630000
80.000000	344.999999	1.910000
80.000000	350.000001	2.050000
80.000000	354.999997	1.990000
