865
1 1 1
0.000000	0.000000	4.867670
5.000000	0.000000	6.172657
5.000000	5.000000	5.936743
5.000000	10.000000	5.701346
5.000000	15.000000	5.481463
5.000000	20.000000	5.262387
5.000000	25.000000	5.080712
5.000000	30.000000	4.907049
5.000000	35.000000	4.738485
5.000000	40.000000	4.571336
5.000000	45.000000	4.419988
5.000000	50.000000	4.278658
5.000000	55.000000	4.145456
5.000000	60.000000	4.020549
5.000000	65.000000	3.900858
5.000000	70.000000	3.791418
5.000000	75.000000	3.695079
5.000000	80.000000	3.605170
5.000000	85.000000	3.525138
5.000000	90.000000	3.452939
5.000000	95.000000	3.388196
5.000000	100.000000	3.329803
5.000000	105.000000	3.299167
5.000000	110.000000	3.281035
5.000000	115.000000	3.268316
5.000000	120.000000	3.259359
5.000000	125.000000	3.254841
5.000000	130.000000	3.251195
5.000000	135.000000	3.250475
5.000000	140.000000	3.251802
5.000000	145.000000	3.253856
5.000000	150.000000	3.260079
5.000000	155.000000	3.267825
5.000000	160.000000	3.280221
5.000000	165.000000	3.299083
5.000000	170.000000	3.329799
5.000000	175.000000	3.388497
5.000000	-180.000000	3.449442
5.000000	-175.000000	3.521990
5.000000	-170.000000	3.607730
5.000000	-165.000000	3.695014
5.000000	-160.000000	3.791280
5.000000	-155.000000	3.901138
5.000000	-150.000000	4.015845
5.000000	-145.000000	4.139022
5.000000	-140.000000	4.274510
5.000000	-135.000000	4.420053
5.000000	-130.000000	4.575222
5.000000	-125.000000	4.734963
5.000000	-120.000000	4.918986
5.000000	-115.000000	5.085587
5.000000	-110.000000	5.272951
5.000000	-105.000000	5.475916
5.000000	-100.000000	5.693026
5.000000	-95.000000	5.941869
5.000000	-90.000000	6.180094
5.000000	-85.000000	6.422601
5.000000	-80.000000	6.675388
5.000000	-75.000000	6.909764
5.000000	-70.000000	7.135601
5.000000	-65.000000	7.329406
5.000000	-60.000000	7.478508
5.000000	-55.000000	7.573600
5.000000	-50.000000	7.647791
5.000000	-45.000000	7.666639
5.000000	-40.000000	7.644560
5.000000	-35.000000	7.578453
5.000000	-30.000000	7.468464
5.000000	-25.000000	7.314437
5.000000	-20.000000	7.153925
5.000000	-15.000000	6.928390
5.000000	-10.000000	6.687373
5.000000	-5.000000	6.421547
10.000000	0.000000	7.053101
10.000000	5.000000	6.534698
10.000000	10.000000	6.028186
10.000000	15.000000	5.540805
10.000000	20.000000	5.089422
10.000000	25.000000	4.702004
10.000000	30.000000	4.373699
10.000000	35.000000	4.107873
10.000000	40.000000	3.881680
10.000000	45.000000	3.687896
10.000000	50.000000	3.523688
10.000000	55.000000	3.382554
10.000000	60.000000	3.259352
10.000000	65.000000	3.149127
10.000000	70.000000	3.062821
10.000000	75.000000	2.997830
10.000000	80.000000	2.956481
10.000000	85.000000	2.926645
10.000000	90.000000	2.901752
10.000000	95.000000	2.880211
10.000000	100.000000	2.861807
10.000000	105.000000	2.844079
10.000000	110.000000	2.828274
10.000000	115.000000	2.813247
10.000000	120.000000	2.799572
10.000000	125.000000	2.791967
10.000000	130.000000	2.783752
10.000000	135.000000	2.780953
10.000000	140.000000	2.785083
10.000000	145.000000	2.791251
10.000000	150.000000	2.799619
10.000000	155.000000	2.813120
10.000000	160.000000	2.827990
10.000000	165.000000	2.844657
10.000000	170.000000	2.861571
10.000000	175.000000	2.880182
10.000000	-180.000000	2.901502
10.000000	-175.000000	2.926620
10.000000	-170.000000	2.956547
10.000000	-165.000000	2.996310
10.000000	-160.000000	3.062399
10.000000	-155.000000	3.149763
10.000000	-150.000000	3.261326
10.000000	-145.000000	3.383390
10.000000	-140.000000	3.523800
10.000000	-135.000000	3.687951
10.000000	-130.000000	3.881607
10.000000	-125.000000	4.108520
10.000000	-120.000000	4.374539
10.000000	-115.000000	4.697737
10.000000	-110.000000	5.096154
10.000000	-105.000000	5.546799
10.000000	-100.000000	6.027913
10.000000	-95.000000	6.530514
10.000000	-90.000000	7.048651
10.000000	-85.000000	7.575549
10.000000	-80.000000	8.134692
10.000000	-75.000000	8.714229
10.000000	-70.000000	9.250846
10.000000	-65.000000	9.752778
10.000000	-60.000000	10.191788
10.000000	-55.000000	10.570176
10.000000	-50.000000	10.823141
10.000000	-45.000000	10.903596
10.000000	-40.000000	10.831197
10.000000	-35.000000	10.574117
10.000000	-30.000000	10.192002
10.000000	-25.000000	9.751506
10.000000	-20.000000	9.256604
10.000000	-15.000000	8.702589
10.000000	-10.000000	8.149153
10.000000	-5.000000	7.575800
15.000000	0.000000	6.749030
15.000000	5.000000	5.956245
15.000000	10.000000	5.283816
15.000000	15.000000	4.732240
15.000000	20.000000	4.293481
15.000000	25.000000	3.928048
15.000000	30.000000	3.634480
15.000000	35.000000	3.397752
15.000000	40.000000	3.219574
15.000000	45.000000	3.088280
15.000000	50.000000	2.989200
15.000000	55.000000	2.913130
15.000000	60.000000	2.852240
15.000000	65.000000	2.803999
15.000000	70.000000	2.770401
15.000000	75.000000	2.744825
15.000000	80.000000	2.727598
15.000000	85.000000	2.714123
15.000000	90.000000	2.701582
15.000000	95.000000	2.690496
15.000000	100.000000	2.685490
15.000000	105.000000	2.683182
15.000000	110.000000	2.681957
15.000000	115.000000	2.681186
15.000000	120.000000	2.680387
15.000000	125.000000	2.679659
15.000000	130.000000	2.679103
15.000000	135.000000	2.678922
15.000000	140.000000	2.679122
15.000000	145.000000	2.679689
15.000000	150.000000	2.680477
15.000000	155.000000	2.681175
15.000000	160.000000	2.681993
15.000000	165.000000	2.683215
15.000000	170.000000	2.685494
15.000000	175.000000	2.690506
15.000000	-180.000000	2.701949
15.000000	-175.000000	2.714141
15.000000	-170.000000	2.727449
15.000000	-165.000000	2.744916
15.000000	-160.000000	2.770670
15.000000	-155.000000	2.804181
15.000000	-150.000000	2.852323
15.000000	-145.000000	2.913497
15.000000	-140.000000	2.989902
15.000000	-135.000000	3.088328
15.000000	-130.000000	3.217193
15.000000	-125.000000	3.400893
15.000000	-120.000000	3.634454
15.000000	-115.000000	3.931465
15.000000	-110.000000	4.287367
15.000000	-105.000000	4.731859
15.000000	-100.000000	5.283372
15.000000	-95.000000	5.956594
15.000000	-90.000000	6.740906
15.000000	-85.000000	7.617497
15.000000	-80.000000	8.507788
15.000000	-75.000000	9.401394
15.000000	-70.000000	10.361522
15.000000	-65.000000	11.264794
15.000000	-60.000000	11.977161
15.000000	-55.000000	12.445498
15.000000	-50.000000	12.670532
15.000000	-45.000000	12.791339
15.000000	-40.000000	12.675585
15.000000	-35.000000	12.453332
15.000000	-30.000000	11.952727
15.000000	-25.000000	11.248225
15.000000	-20.000000	10.363757
15.000000	-15.000000	9.403648
15.000000	-10.000000	8.504378
15.000000	-5.000000	7.617530
20.000000	0.000000	5.445804
20.000000	5.000000	4.814788
20.000000	10.000000	4.296044
20.000000	15.000000	3.836224
20.000000	20.000000	3.478759
20.000000	25.000000	3.225630
20.000000	30.000000	3.054122
20.000000	35.000000	2.934010
20.000000	40.000000	2.847671
20.000000	45.000000	2.786613
20.000000	50.000000	2.746868
20.000000	55.000000	2.719485
20.000000	60.000000	2.700365
20.000000	65.000000	2.686373
20.000000	70.000000	2.677646
20.000000	75.000000	2.670961
20.000000	80.000000	2.665603
20.000000	85.000000	2.662295
20.000000	90.000000	2.660645
20.000000	95.000000	2.659572
20.000000	100.000000	2.658740
20.000000	105.000000	2.657937
20.000000	110.000000	2.657319
20.000000	115.000000	2.657740
20.000000	120.000000	2.658318
20.000000	125.000000	2.658645
20.000000	130.000000	2.658962
20.000000	135.000000	2.659205
20.000000	140.000000	2.658998
20.000000	145.000000	2.658660
20.000000	150.000000	2.658326
20.000000	155.000000	2.657748
20.000000	160.000000	2.657322
20.000000	165.000000	2.657940
20.000000	170.000000	2.658747
20.000000	175.000000	2.659580
20.000000	-180.000000	2.660703
20.000000	-175.000000	2.662306
20.000000	-170.000000	2.665610
20.000000	-165.000000	2.671001
20.000000	-160.000000	2.677337
20.000000	-155.000000	2.686421
20.000000	-150.000000	2.700310
20.000000	-145.000000	2.719441
20.000000	-140.000000	2.746439
20.000000	-135.000000	2.786638
20.000000	-130.000000	2.847511
20.000000	-125.000000	2.934657
20.000000	-120.000000	3.053908
20.000000	-115.000000	3.225441
20.000000	-110.000000	3.479409
20.000000	-105.000000	3.832887
20.000000	-100.000000	4.296259
20.000000	-95.000000	4.814959
20.000000	-90.000000	5.455527
20.000000	-85.000000	6.252042
20.000000	-80.000000	7.074169
20.000000	-75.000000	7.904882
20.000000	-70.000000	8.814973
20.000000	-65.000000	9.829183
20.000000	-60.000000	10.710416
20.000000	-55.000000	11.432049
20.000000	-50.000000	11.805054
20.000000	-45.000000	11.903297
20.000000	-40.000000	11.835940
20.000000	-35.000000	11.439526
20.000000	-30.000000	10.705428
20.000000	-25.000000	9.826682
20.000000	-20.000000	8.789437
20.000000	-15.000000	7.905239
20.000000	-10.000000	7.078764
20.000000	-5.000000	6.252565
25.000000	0.000000	3.968757
25.000000	5.000000	3.607944
25.000000	10.000000	3.307011
25.000000	15.000000	3.119233
25.000000	20.000000	2.976198
25.000000	25.000000	2.855806
25.000000	30.000000	2.776678
25.000000	35.000000	2.728896
25.000000	40.000000	2.701302
25.000000	45.000000	2.683720
25.000000	50.000000	2.672404
25.000000	55.000000	2.665479
25.000000	60.000000	2.661415
25.000000	65.000000	2.658674
25.000000	70.000000	2.656948
25.000000	75.000000	2.655934
25.000000	80.000000	2.655069
25.000000	85.000000	2.654727
25.000000	90.000000	2.654672
25.000000	95.000000	2.654781
25.000000	100.000000	2.655683
25.000000	105.000000	2.657867
25.000000	110.000000	2.660510
25.000000	115.000000	2.665039
25.000000	120.000000	2.671724
25.000000	125.000000	2.676508
25.000000	130.000000	2.680168
25.000000	135.000000	2.681975
25.000000	140.000000	2.680096
25.000000	145.000000	2.676352
25.000000	150.000000	2.671793
25.000000	155.000000	2.664803
25.000000	160.000000	2.660507
25.000000	165.000000	2.657900
25.000000	170.000000	2.655705
25.000000	175.000000	2.654781
25.000000	-180.000000	2.654676
25.000000	-175.000000	2.654745
25.000000	-170.000000	2.655065
25.000000	-165.000000	2.655901
25.000000	-160.000000	2.656962
25.000000	-155.000000	2.658744
25.000000	-150.000000	2.661390
25.000000	-145.000000	2.665508
25.000000	-140.000000	2.672368
25.000000	-135.000000	2.683731
25.000000	-130.000000	2.701353
25.000000	-125.000000	2.729056
25.000000	-120.000000	2.776686
25.000000	-115.000000	2.855315
25.000000	-110.000000	2.975845
25.000000	-105.000000	3.120083
25.000000	-100.000000	3.309923
25.000000	-95.000000	3.611117
25.000000	-90.000000	3.969611
25.000000	-85.000000	4.369214
25.000000	-80.000000	4.920804
25.000000	-75.000000	5.619536
25.000000	-70.000000	6.296200
25.000000	-65.000000	6.910164
25.000000	-60.000000	7.526948
25.000000	-55.000000	8.202497
25.000000	-50.000000	8.608449
25.000000	-45.000000	8.462906
25.000000	-40.000000	8.600769
25.000000	-35.000000	8.224005
25.000000	-30.000000	7.514124
25.000000	-25.000000	6.914581
25.000000	-20.000000	6.297625
25.000000	-15.000000	5.609954
25.000000	-10.000000	4.920524
25.000000	-5.000000	4.368701
30.000000	0.000000	3.080443
30.000000	5.000000	2.939131
30.000000	10.000000	2.850131
30.000000	15.000000	2.778540
30.000000	20.000000	2.729067
30.000000	25.000000	2.703880
30.000000	30.000000	2.682444
30.000000	35.000000	2.669067
30.000000	40.000000	2.662026
30.000000	45.000000	2.658387
30.000000	50.000000	2.656337
30.000000	55.000000	2.655156
30.000000	60.000000	2.654494
30.000000	65.000000	2.654127
30.000000	70.000000	2.653909
30.000000	75.000000	2.653793
30.000000	80.000000	2.653778
30.000000	85.000000	2.653869
30.000000	90.000000	2.654472
30.000000	95.000000	2.656290
30.000000	100.000000	2.659667
30.000000	105.000000	2.670983
30.000000	110.000000	2.687944
30.000000	115.000000	2.710913
30.000000	120.000000	2.754385
30.000000	125.000000	2.785413
30.000000	130.000000	2.812767
30.000000	135.000000	2.832542
30.000000	140.000000	2.814181
30.000000	145.000000	2.784984
30.000000	150.000000	2.754614
30.000000	155.000000	2.710939
30.000000	160.000000	2.687838
30.000000	165.000000	2.670768
30.000000	170.000000	2.659667
30.000000	175.000000	2.656308
30.000000	-180.000000	2.654480
30.000000	-175.000000	2.653869
30.000000	-170.000000	2.653771
30.000000	-165.000000	2.653793
30.000000	-160.000000	2.653909
30.000000	-155.000000	2.654134
30.000000	-150.000000	2.654491
30.000000	-145.000000	2.655163
30.000000	-140.000000	2.656352
30.000000	-135.000000	2.658387
30.000000	-130.000000	2.662048
30.000000	-125.000000	2.669111
30.000000	-120.000000	2.682415
30.000000	-115.000000	2.704116
30.000000	-110.000000	2.729063
30.000000	-105.000000	2.778398
30.000000	-100.000000	2.850469
30.000000	-95.000000	2.939739
30.000000	-90.000000	3.080534
30.000000	-85.000000	3.283427
30.000000	-80.000000	3.512528
30.000000	-75.000000	3.802316
30.000000	-70.000000	4.155863
30.000000	-65.000000	4.495178
30.000000	-60.000000	4.769238
30.000000	-55.000000	5.152588
30.000000	-50.000000	5.433532
30.000000	-45.000000	5.392376
30.000000	-40.000000	5.426051
30.000000	-35.000000	5.147128
30.000000	-30.000000	4.765304
30.000000	-25.000000	4.496243
30.000000	-20.000000	4.157408
30.000000	-15.000000	3.802869
30.000000	-10.000000	3.512546
30.000000	-5.000000	3.282671
35.000000	0.000000	2.755366
35.000000	5.000000	2.720001
35.000000	10.000000	2.692055
35.000000	15.000000	2.676980
35.000000	20.000000	2.667460
35.000000	25.000000	2.661143
35.000000	30.000000	2.658155
35.000000	35.000000	2.655952
35.000000	40.000000	2.654690
35.000000	45.000000	2.654131
35.000000	50.000000	2.653858
35.000000	55.000000	2.653724
35.000000	60.000000	2.653651
35.000000	65.000000	2.653615
35.000000	70.000000	2.653600
35.000000	75.000000	2.653600
35.000000	80.000000	2.653651
35.000000	85.000000	2.654033
35.000000	90.000000	2.654945
35.000000	95.000000	2.660238
35.000000	100.000000	2.671248
35.000000	105.000000	2.702753
35.000000	110.000000	2.773243
35.000000	115.000000	2.871916
35.000000	120.000000	3.063075
35.000000	125.000000	3.209247
35.000000	130.000000	3.367200
35.000000	135.000000	3.371740
35.000000	140.000000	3.365335
35.000000	145.000000	3.211824
35.000000	150.000000	3.063402
35.000000	155.000000	2.868696
35.000000	160.000000	2.773185
35.000000	165.000000	2.703334
35.000000	170.000000	2.671270
35.000000	175.000000	2.660168
35.000000	-180.000000	2.654949
35.000000	-175.000000	2.654029
35.000000	-170.000000	2.653651
35.000000	-165.000000	2.653600
35.000000	-160.000000	2.653600
35.000000	-155.000000	2.653615
35.000000	-150.000000	2.653651
35.000000	-145.000000	2.653724
35.000000	-140.000000	2.653862
35.000000	-135.000000	2.654131
35.000000	-130.000000	2.654687
35.000000	-125.000000	2.655963
35.000000	-120.000000	2.658151
35.000000	-115.000000	2.661074
35.000000	-110.000000	2.667464
35.000000	-105.000000	2.676977
35.000000	-100.000000	2.692080
35.000000	-95.000000	2.719870
35.000000	-90.000000	2.755486
35.000000	-85.000000	2.811266
35.000000	-80.000000	2.892908
35.000000	-75.000000	2.974758
35.000000	-70.000000	3.097302
35.000000	-65.000000	3.230588
35.000000	-60.000000	3.331573
35.000000	-55.000000	3.467716
35.000000	-50.000000	3.556930
35.000000	-45.000000	3.642477
35.000000	-40.000000	3.552706
35.000000	-35.000000	3.467061
35.000000	-30.000000	3.331667
35.000000	-25.000000	3.229701
35.000000	-20.000000	3.097084
35.000000	-15.000000	2.974777
35.000000	-10.000000	2.892450
35.000000	-5.000000	2.811615
40.000000	0.000000	2.671917
40.000000	5.000000	2.664229
40.000000	10.000000	2.659820
40.000000	15.000000	2.657170
40.000000	20.000000	2.655457
40.000000	25.000000	2.654618
40.000000	30.000000	2.654080
40.000000	35.000000	2.653851
40.000000	40.000000	2.653687
40.000000	45.000000	2.653622
40.000000	50.000000	2.653593
40.000000	55.000000	2.653582
40.000000	60.000000	2.653575
40.000000	65.000000	2.653575
40.000000	70.000000	2.653575
40.000000	75.000000	2.653589
40.000000	80.000000	2.653647
40.000000	85.000000	2.654123
40.000000	90.000000	2.655901
40.000000	95.000000	2.664269
40.000000	100.000000	2.690579
40.000000	105.000000	2.766351
40.000000	110.000000	2.949066
40.000000	115.000000	3.245822
40.000000	120.000000	3.813759
40.000000	125.000000	4.336698
40.000000	130.000000	4.842920
40.000000	135.000000	4.961178
40.000000	140.000000	4.869757
40.000000	145.000000	4.334517
40.000000	150.000000	3.810193
40.000000	155.000000	3.246386
40.000000	160.000000	2.948633
40.000000	165.000000	2.763483
40.000000	170.000000	2.690514
40.000000	175.000000	2.664341
40.000000	-180.000000	2.655923
40.000000	-175.000000	2.654131
40.000000	-170.000000	2.653647
40.000000	-165.000000	2.653589
40.000000	-160.000000	2.653575
40.000000	-155.000000	2.653575
40.000000	-150.000000	2.653575
40.000000	-145.000000	2.653582
40.000000	-140.000000	2.653593
40.000000	-135.000000	2.653622
40.000000	-130.000000	2.653687
40.000000	-125.000000	2.653847
40.000000	-120.000000	2.654080
40.000000	-115.000000	2.654618
40.000000	-110.000000	2.655443
40.000000	-105.000000	2.657166
40.000000	-100.000000	2.659801
40.000000	-95.000000	2.664243
40.000000	-90.000000	2.672059
40.000000	-85.000000	2.682455
40.000000	-80.000000	2.700317
40.000000	-75.000000	2.719430
40.000000	-70.000000	2.746337
40.000000	-65.000000	2.777271
40.000000	-60.000000	2.806827
40.000000	-55.000000	2.846358
40.000000	-50.000000	2.862916
40.000000	-45.000000	2.899593
40.000000	-40.000000	2.868132
40.000000	-35.000000	2.846115
40.000000	-30.000000	2.806537
40.000000	-25.000000	2.777322
40.000000	-20.000000	2.746624
40.000000	-15.000000	2.719590
40.000000	-10.000000	2.700328
40.000000	-5.000000	2.682437
45.000000	0.000000	2.658118
45.000000	5.000000	2.658264
45.000000	10.000000	2.658660
45.000000	15.000000	2.658060
45.000000	20.000000	2.656835
45.000000	25.000000	2.655530
45.000000	30.000000	2.654418
45.000000	35.000000	2.653909
45.000000	40.000000	2.653676
45.000000	45.000000	2.653596
45.000000	50.000000	2.653578
45.000000	55.000000	2.653571
45.000000	60.000000	2.653571
45.000000	65.000000	2.653571
45.000000	70.000000	2.653571
45.000000	75.000000	2.653578
45.000000	80.000000	2.653647
45.000000	85.000000	2.654022
45.000000	90.000000	2.656410
45.000000	95.000000	2.668075
45.000000	100.000000	2.707642
45.000000	105.000000	2.845006
45.000000	110.000000	3.169799
45.000000	115.000000	3.891542
45.000000	120.000000	5.019128
45.000000	125.000000	6.376418
45.000000	130.000000	7.500678
45.000000	135.000000	8.002083
45.000000	140.000000	7.497959
45.000000	145.000000	6.375313
45.000000	150.000000	5.018884
45.000000	155.000000	3.881062
45.000000	160.000000	3.170039
45.000000	165.000000	2.844646
45.000000	170.000000	2.707584
45.000000	175.000000	2.668075
45.000000	-180.000000	2.656388
45.000000	-175.000000	2.654007
45.000000	-170.000000	2.653644
45.000000	-165.000000	2.653578
45.000000	-160.000000	2.653571
45.000000	-155.000000	2.653571
45.000000	-150.000000	2.653571
45.000000	-145.000000	2.653571
45.000000	-140.000000	2.653578
45.000000	-135.000000	2.653596
45.000000	-130.000000	2.653676
45.000000	-125.000000	2.653905
45.000000	-120.000000	2.654414
45.000000	-115.000000	2.655476
45.000000	-110.000000	2.656744
45.000000	-105.000000	2.657966
45.000000	-100.000000	2.658602
45.000000	-95.000000	2.658206
45.000000	-90.000000	2.658129
45.000000	-85.000000	2.658478
45.000000	-80.000000	2.660474
45.000000	-75.000000	2.663269
45.000000	-70.000000	2.667980
45.000000	-65.000000	2.672702
45.000000	-60.000000	2.677820
45.000000	-55.000000	2.684618
45.000000	-50.000000	2.689598
45.000000	-45.000000	2.697246
45.000000	-40.000000	2.689590
45.000000	-35.000000	2.684581
45.000000	-30.000000	2.678180
45.000000	-25.000000	2.672709
45.000000	-20.000000	2.667951
45.000000	-15.000000	2.663222
45.000000	-10.000000	2.660467
45.000000	-5.000000	2.658471
50.000000	0.000000	2.672484
50.000000	5.000000	2.683138
50.000000	10.000000	2.691364
50.000000	15.000000	2.688420
50.000000	20.000000	2.679699
50.000000	25.000000	2.668176
50.000000	30.000000	2.660147
50.000000	35.000000	2.655766
50.000000	40.000000	2.654232
50.000000	45.000000	2.653716
50.000000	50.000000	2.653600
50.000000	55.000000	2.653575
50.000000	60.000000	2.653571
50.000000	65.000000	2.653571
50.000000	70.000000	2.653571
50.000000	75.000000	2.653575
50.000000	80.000000	2.653622
50.000000	85.000000	2.653916
50.000000	90.000000	2.655901
50.000000	95.000000	2.668511
50.000000	100.000000	2.708293
50.000000	105.000000	2.899724
50.000000	110.000000	3.293529
50.000000	115.000000	4.444557
50.000000	120.000000	6.175143
50.000000	125.000000	8.581448
50.000000	130.000000	10.421649
50.000000	135.000000	11.696951
50.000000	140.000000	10.420642
50.000000	145.000000	8.585567
50.000000	150.000000	6.187142
50.000000	155.000000	4.456840
50.000000	160.000000	3.293147
50.000000	165.000000	2.899513
50.000000	170.000000	2.708293
50.000000	175.000000	2.668714
50.000000	-180.000000	2.655905
50.000000	-175.000000	2.653916
50.000000	-170.000000	2.653622
50.000000	-165.000000	2.653575
50.000000	-160.000000	2.653571
50.000000	-155.000000	2.653571
50.000000	-150.000000	2.653571
50.000000	-145.000000	2.653575
50.000000	-140.000000	2.653596
50.000000	-135.000000	2.653709
50.000000	-130.000000	2.654203
50.000000	-125.000000	2.655723
50.000000	-120.000000	2.660063
50.000000	-115.000000	2.667820
50.000000	-110.000000	2.679085
50.000000	-105.000000	2.687493
50.000000	-100.000000	2.690670
50.000000	-95.000000	2.682597
50.000000	-90.000000	2.672313
50.000000	-85.000000	2.662448
50.000000	-80.000000	2.657602
50.000000	-75.000000	2.655479
50.000000	-70.000000	2.655399
50.000000	-65.000000	2.655865
50.000000	-60.000000	2.656508
50.000000	-55.000000	2.657224
50.000000	-50.000000	2.657766
50.000000	-45.000000	2.658882
50.000000	-40.000000	2.657766
50.000000	-35.000000	2.657206
50.000000	-30.000000	2.656563
50.000000	-25.000000	2.655846
50.000000	-20.000000	2.655403
50.000000	-15.000000	2.655457
50.000000	-10.000000	2.657559
50.000000	-5.000000	2.662455
55.000000	0.000000	2.757511
55.000000	5.000000	2.831865
55.000000	10.000000	2.871560
55.000000	15.000000	2.865824
55.000000	20.000000	2.802480
55.000000	25.000000	2.735279
55.000000	30.000000	2.687693
55.000000	35.000000	2.664716
55.000000	40.000000	2.656410
55.000000	45.000000	2.654160
55.000000	50.000000	2.653673
55.000000	55.000000	2.653582
55.000000	60.000000	2.653571
55.000000	65.000000	2.653571
55.000000	70.000000	2.653575
55.000000	75.000000	2.653578
55.000000	80.000000	2.653600
55.000000	85.000000	2.653829
55.000000	90.000000	2.654945
55.000000	95.000000	2.664825
55.000000	100.000000	2.700848
55.000000	105.000000	2.865119
55.000000	110.000000	3.317382
55.000000	115.000000	4.431725
55.000000	120.000000	6.451267
55.000000	125.000000	9.067706
55.000000	130.000000	11.813218
55.000000	135.000000	14.020022
55.000000	140.000000	11.823018
55.000000	145.000000	9.063148
55.000000	150.000000	6.438763
55.000000	155.000000	4.433982
55.000000	160.000000	3.325597
55.000000	165.000000	2.865809
55.000000	170.000000	2.699689
55.000000	175.000000	2.664821
55.000000	-180.000000	2.654949
55.000000	-175.000000	2.653825
55.000000	-170.000000	2.653600
55.000000	-165.000000	2.653578
55.000000	-160.000000	2.653575
55.000000	-155.000000	2.653571
55.000000	-150.000000	2.653571
55.000000	-145.000000	2.653582
55.000000	-140.000000	2.653669
55.000000	-135.000000	2.654145
55.000000	-130.000000	2.656319
55.000000	-125.000000	2.664338
55.000000	-120.000000	2.687442
55.000000	-115.000000	2.732753
55.000000	-110.000000	2.798907
55.000000	-105.000000	2.860066
55.000000	-100.000000	2.866009
55.000000	-95.000000	2.829237
55.000000	-90.000000	2.757842
55.000000	-85.000000	2.703865
55.000000	-80.000000	2.671364
55.000000	-75.000000	2.658071
55.000000	-70.000000	2.654607
55.000000	-65.000000	2.653880
55.000000	-60.000000	2.653851
55.000000	-55.000000	2.653934
55.000000	-50.000000	2.654000
55.000000	-45.000000	2.654073
55.000000	-40.000000	2.654003
55.000000	-35.000000	2.653931
55.000000	-30.000000	2.653840
55.000000	-25.000000	2.653880
55.000000	-20.000000	2.654607
55.000000	-15.000000	2.657958
55.000000	-10.000000	2.671110
55.000000	-5.000000	2.703494
60.000000	0.000000	3.093911
60.000000	5.000000	3.399777
60.000000	10.000000	3.578424
60.000000	15.000000	3.548315
60.000000	20.000000	3.271682
60.000000	25.000000	2.986601
60.000000	30.000000	2.796282
60.000000	35.000000	2.701957
60.000000	40.000000	2.663102
60.000000	45.000000	2.655032
60.000000	50.000000	2.653785
60.000000	55.000000	2.653593
60.000000	60.000000	2.653585
60.000000	65.000000	2.653604
60.000000	70.000000	2.653636
60.000000	75.000000	2.653673
60.000000	80.000000	2.653691
60.000000	85.000000	2.653771
60.000000	90.000000	2.654472
60.000000	95.000000	2.658871
60.000000	100.000000	2.686635
60.000000	105.000000	2.777395
60.000000	110.000000	3.143744
60.000000	115.000000	3.944446
60.000000	120.000000	5.581954
60.000000	125.000000	7.867681
60.000000	130.000000	10.130876
60.000000	135.000000	11.179527
60.000000	140.000000	10.126968
60.000000	145.000000	7.868434
60.000000	150.000000	5.573077
60.000000	155.000000	3.942014
60.000000	160.000000	3.141613
60.000000	165.000000	2.777536
60.000000	170.000000	2.686715
60.000000	175.000000	2.658874
60.000000	-180.000000	2.654480
60.000000	-175.000000	2.653771
60.000000	-170.000000	2.653691
60.000000	-165.000000	2.653673
60.000000	-160.000000	2.653636
60.000000	-155.000000	2.653604
60.000000	-150.000000	2.653585
60.000000	-145.000000	2.653593
60.000000	-140.000000	2.653785
60.000000	-135.000000	2.654989
60.000000	-130.000000	2.662797
60.000000	-125.000000	2.700332
60.000000	-120.000000	2.792713
60.000000	-115.000000	2.979942
60.000000	-110.000000	3.255437
60.000000	-105.000000	3.523310
60.000000	-100.000000	3.557839
60.000000	-95.000000	3.393474
60.000000	-90.000000	3.094198
60.000000	-85.000000	2.858990
60.000000	-80.000000	2.719161
60.000000	-75.000000	2.671859
60.000000	-70.000000	2.657010
60.000000	-65.000000	2.654054
60.000000	-60.000000	2.653633
60.000000	-55.000000	2.653596
60.000000	-50.000000	2.653604
60.000000	-45.000000	2.653615
60.000000	-40.000000	2.653604
60.000000	-35.000000	2.653596
60.000000	-30.000000	2.653633
60.000000	-25.000000	2.654058
60.000000	-20.000000	2.657053
60.000000	-15.000000	2.671906
60.000000	-10.000000	2.718569
60.000000	-5.000000	2.858972
