0.730353
0.730119
0.730033
0.730008
0.730001
0.730000
0.730000
0.730003
0.730032
0.730267
0.731852
0.740686
0.781096
0.931932
1.388801
2.504750
4.684380
8.039295
11.985220
15.244874
16.504969
0.730119
0.730008
0.730002
0.730001
0.730000
0.730000
0.730000
0.730003
0.730026
0.730225
0.731611
0.739555
0.776581
0.916091
1.338499
2.359723
4.314043
7.229012
10.502204
12.999572
15.244874
0.730033
0.730002
0.730000
0.730000
0.730000
0.730000
0.730000
0.730001
0.730016
0.730144
0.731070
0.736509
0.762201
0.859053
1.148487
1.829447
3.078742
4.833703
6.638848
10.502204
11.985220
0.730008
0.730001
0.730000
0.730000
0.730000
0.730000
0.730000
0.730001
0.730008
0.730071
0.730548
0.733415
0.747039
0.797802
0.944895
1.273714
1.834160
2.544459
4.833703
7.229012
8.039295
0.730001
0.730000
0.730000
0.730000
0.730000
0.730000
0.730000
0.730000
0.730003
0.730027
0.730219
0.731392
0.736944
0.757020
0.811931
0.924353
1.093669
1.834160
3.078742
4.314043
4.684380
0.730000
0.730000
0.730000
0.730000
0.730000
0.730000
0.730000
0.730000
0.730001
0.730008
0.730069
0.730444
0.732182
0.738105
0.752727
0.778468
0.924353
1.273714
1.829447
2.359723
2.504750
0.730000
0.730000
0.730000
0.730000
0.730000
0.730000
0.730000
0.730000
0.730000
0.730002
0.730017
0.730111
0.730525
0.731783
0.734359
0.752727
0.811931
0.944895
1.148487
1.338499
1.388801
0.730001
0.730001
0.730000
0.730000
0.730000
0.730000
0.730000
0.730000
0.730000
0.730000
0.730003
0.730022
0.730094
0.730268
0.731783
0.738105
0.757020
0.797802
0.859053
0.916091
0.931932
0.730003
0.730002
0.730001
0.730000
0.730000
0.730000
0.730000
0.730000
0.730000
0.730000
0.730001
0.730003
0.730011
0.730094
0.730525
0.732182
0.736944
0.747039
0.762201
0.776581
0.781096
0.730006
0.730004
0.730002
0.730000
0.730000
0.730000
0.730000
0.730000
0.730000
0.730000
0.730000
0.730000
0.730003
0.730022
0.730111
0.730444
0.731392
0.733415
0.736509
0.739555
0.740686
0.730007
0.730005
0.730002
0.730001
0.730000
0.730000
0.730000
0.730000
0.730000
0.730000
0.730001
0.730001
0.730001
0.730004
0.730017
0.730069
0.730219
0.730548
0.731070
0.731611
0.731852
0.730006
0.730004
0.730002
0.730000
0.730000
0.730000
0.730001
0.730003
0.730005
0.730007
0.730012
0.730007
0.730005
0.730003
0.730003
0.730009
0.730027
0.730071
0.730144
0.730225
0.730267
0.730003
0.730002
0.730001
0.730000
0.730001
0.730005
0.730016
0.730037
0.730061
0.730146
0.730199
0.730146
0.730061
0.730037
0.730016
0.730006
0.730004
0.730008
0.730016
0.730026
0.730032
0.730001
0.730001
0.730001
0.730003
0.730014
0.730058
0.730172
0.730360
0.731024
0.731979
0.732480
0.731979
0.731024
0.730360
0.730172
0.730058
0.730015
0.730003
0.730002
0.730003
0.730003
0.730000
0.730001
0.730004
0.730026
0.730134
0.730516
0.731406
0.734559
0.740954
0.748826
0.752611
0.748826
0.740954
0.734559
0.731406
0.730516
0.730134
0.730026
0.730004
0.730001
0.730000
0.730000
0.730003
0.730028
0.730197
0.730997
0.733587
0.743089
0.767195
0.810119
0.858104
0.880026
0.858104
0.810119
0.767195
0.743089
0.733587
0.730997
0.730197
0.730028
0.730003
0.730000
0.730001
0.730019
0.730180
0.731223
0.735895
0.754134
0.809389
0.935419
1.140686
1.355875
1.450937
1.355875
1.140686
0.935419
0.809389
0.754134
0.735895
0.731223
0.730180
0.730019
0.730001
0.730008
0.730100
0.730935
0.736140
0.758233
0.836521
1.054108
1.513327
2.215165
2.918474
3.221985
2.918474
2.215165
1.513327
1.054108
0.836521
0.758233
0.736140
0.730935
0.730100
0.730008
0.730033
0.730435
0.733968
0.750575
0.818802
1.044499
1.632194
2.803071
4.511134
6.167715
6.870656
6.167715
4.511134
2.803071
1.632194
1.044499
0.818802
0.750575
0.733968
0.730435
0.730033
0.730119
0.731549
0.739114
0.775080
0.915195
1.354898
2.444812
4.524730
7.455947
10.231135
11.394250
10.231135
7.455947
4.524730
2.444812
1.354898
0.915195
0.775080
0.739114
0.731549
0.730119
0.730353
0.732378
0.743550
0.794660
0.985934
1.562883
2.941357
5.489122
8.989151
12.244498
13.596475
12.244498
8.989151
5.489122
2.941357
1.562883
0.985934
0.794660
0.743550
0.732378
0.730353
0.732378
0.731549
0.730435
0.730100
0.730019
0.730003
0.730001
0.730003
0.730026
0.730225
0.731611
0.739555
0.776581
0.916091
1.338499
2.359723
4.314043
7.229012
10.502204
12.999572
15.244874
0.731549
0.730372
0.730123
0.730033
0.730007
0.730001
0.730001
0.730008
0.730078
0.730667
0.734678
0.756791
0.854628
1.199212
2.157538
4.241760
7.733154
12.101079
15.854150
17.331527
12.999572
0.730435
0.730123
0.730008
0.730002
0.730001
0.730000
0.730000
0.730006
0.730062
0.730550
0.734007
0.753645
0.842171
1.156055
2.023926
3.876437
6.880642
10.456207
13.275570
15.854150
10.502204
0.730100
0.730033
0.730002
0.730000
0.730000
0.730000
0.730000
0.730003
0.730036
0.730336
0.732546
0.745431
0.804143
1.010980
1.568904
2.708389
4.437540
6.300958
10.456207
12.101079
7.229012
0.730019
0.730007
0.730001
0.730000
0.730000
0.730000
0.730000
0.730001
0.730016
0.730154
0.731216
0.737544
0.766372
0.865380
1.118773
1.595338
2.236763
4.437540
6.880642
7.733154
4.314043
0.730003
0.730001
0.730000
0.730000
0.730000
0.730000
0.730000
0.730000
0.730005
0.730054
0.730442
0.732792
0.743310
0.777476
0.856739
0.985355
1.595338
2.708389
3.876437
4.241760
2.359723
0.730001
0.730000
0.730000
0.730000
0.730000
0.730000
0.730000
0.730000
0.730001
0.730014
0.730123
0.730787
0.733619
0.741850
0.757734
0.856739
1.118773
1.568904
2.023926
2.157538
1.338499
0.730001
0.730000
0.730000
0.730000
0.730000
0.730000
0.730000
0.730000
0.730000
0.730003
0.730027
0.730169
0.730713
0.731966
0.741850
0.777476
0.865380
1.010980
1.156055
1.199212
0.916091
0.730002
0.730000
0.730000
0.730000
0.730000
0.730000
0.730000
0.730000
0.730000
0.730000
0.730004
0.730027
0.730092
0.730713
0.733619
0.743310
0.766372
0.804143
0.842171
0.854628
0.776581
0.730004
0.730000
0.730000
0.730000
0.730000
0.730000
0.730000
0.730000
0.730000
0.730000
0.730001
0.730003
0.730027
0.730169
0.730787
0.732792
0.737544
0.745431
0.753645
0.756791
0.739555
0.730005
0.730000
0.730000
0.730000
0.730000
0.730000
0.730000
0.730000
0.730001
0.730001
0.730001
0.730001
0.730005
0.730027
0.730123
0.730442
0.731216
0.732546
0.734007
0.734678
0.731611
0.730004
0.730000
0.730000
0.730000
0.730000
0.730000
0.730002
0.730005
0.730010
0.730013
0.730023
0.730013
0.730010
0.730008
0.730016
0.730054
0.730154
0.730336
0.730550
0.730667
0.730225
0.730002
0.730000
0.730000
0.730000
0.730001
0.730007
0.730024
0.730063
0.730111
0.730274
0.730376
0.730274
0.730111
0.730063
0.730026
0.730012
0.730017
0.730036
0.730062
0.730078
0.730026
0.730001
0.730000
0.730000
0.730002
0.730015
0.730074
0.730254
0.730595
0.731752
0.733464
0.734374
0.733464
0.731752
0.730595
0.730254
0.730075
0.730017
0.730005
0.730006
0.730008
0.730003
0.730000
0.730000
0.730002
0.730021
0.730136
0.730629
0.731988
0.736760
0.746844
0.759617
0.765850
0.759617
0.746844
0.736760
0.731988
0.730629
0.730136
0.730021
0.730003
0.730001
0.730000
0.730000
0.730001
0.730016
0.730148
0.730942
0.734099
0.745915
0.777593
0.836497
0.904333
0.935797
0.904333
0.836497
0.777593
0.745915
0.734099
0.730942
0.730148
0.730016
0.730001
0.730000
0.730000
0.730007
0.730094
0.730838
0.735116
0.752643
0.809632
0.947483
1.182431
1.436462
1.550451
1.436462
1.182431
0.947483
0.809632
0.752643
0.735116
0.730838
0.730094
0.730007
0.730000
0.730001
0.730033
0.730431
0.733775
0.749098
0.808374
0.986059
1.385096
2.024665
2.686533
2.976833
2.686533
2.024665
1.385096
0.986059
0.808374
0.749098
0.733775
0.730431
0.730033
0.730001
0.730002
0.730123
0.731596
0.739288
0.774456
0.902295
1.263068
2.030595
3.207602
4.388201
4.897722
4.388201
3.207602
2.030595
1.263068
0.902295
0.774456
0.739288
0.731596
0.730123
0.730002
0.730008
0.730372
0.732511
0.744082
0.794684
0.970371
1.444816
2.415371
3.857140
5.271317
5.874640
5.271317
3.857140
2.415371
1.444816
0.970371
0.794684
0.744082
0.732511
0.730372
0.730008
0.730119
0.731549
0.739114
0.775080
0.915195
1.354898
2.444812
4.524730
7.455947
10.231135
11.394250
10.231135
7.455947
4.524730
2.444812
1.354898
0.915195
0.775080
0.739114
0.731549
0.730119
0.743550
0.739114
0.733968
0.730935
0.730180
0.730028
0.730004
0.730002
0.730016
0.730144
0.731070
0.736509
0.762201
0.859053
1.148487
1.829447
3.078742
4.833703
6.638848
10.502204
11.985220
0.739114
0.732511
0.731596
0.730431
0.730094
0.730016
0.730003
0.730006
0.730062
0.730550
0.734007
0.753645
0.842171
1.156055
2.023926
3.876437
6.880642
10.456207
13.275570
15.854150
10.502204
0.733968
0.731596
0.730215
0.730070
0.730018
0.730004
0.730001
0.730009
0.730102
0.730900
0.736422
0.766583
0.894927
1.315614
2.364988
4.324176
6.977505
9.375656
10.341951
13.275570
6.638848
0.730935
0.730431
0.730070
0.730005
0.730001
0.730000
0.730001
0.730007
0.730078
0.730723
0.735395
0.761749
0.875916
1.250862
2.172346
3.837614
5.974581
7.732508
9.375656
10.456207
4.833703
0.730180
0.730094
0.730018
0.730001
0.730000
0.730000
0.730000
0.730003
0.730042
0.730415
0.733240
0.749612
0.820938
1.050895
1.591426
2.498725
3.536959
5.974581
6.977505
6.880642
3.078742
0.730028
0.730016
0.730004
0.730000
0.730000
0.730000
0.730000
0.730001
0.730017
0.730173
0.731416
0.738763
0.770370
0.867291
1.075105
1.377496
2.498725
3.837614
4.324176
3.876437
1.829447
0.730004
0.730002
0.730001
0.730000
0.730000
0.730000
0.730000
0.730000
0.730005
0.730053
0.730457
0.732864
0.742778
0.770103
0.819031
1.075105
1.591426
2.172346
2.364988
2.023926
1.148487
0.730001
0.730000
0.730000
0.730000
0.730000
0.730000
0.730000
0.730000
0.730001
0.730012
0.730110
0.730688
0.732824
0.737505
0.770103
0.867291
1.050895
1.250862
1.315614
1.156055
0.859053
0.730001
0.730000
0.730000
0.730000
0.730000
0.730000
0.730000
0.730000
0.730000
0.730002
0.730020
0.730120
0.730397
0.732824
0.742778
0.770370
0.820938
0.875916
0.894927
0.842171
0.762201
0.730002
0.730000
0.730000
0.730000
0.730000
0.730000
0.730000
0.730000
0.730000
0.730000
0.730003
0.730013
0.730120
0.730688
0.732864
0.738763
0.749612
0.761749
0.766583
0.753645
0.736509
0.730002
0.730000
0.730000
0.730000
0.730000
0.730000
0.730000
0.730000
0.730001
0.730001
0.730001
0.730004
0.730021
0.730110
0.730457
0.731416
0.733240
0.735395
0.736422
0.734007
0.731070
0.730002
0.730000
0.730000
0.730000
0.730000
0.730000
0.730001
0.730004
0.730010
0.730014
0.730025
0.730014
0.730012
0.730016
0.730055
0.730174
0.730416
0.730723
0.730900
0.730550
0.730144
0.730001
0.730000
0.730000
0.730000
0.730001
0.730004
0.730019
0.730057
0.730111
0.730280
0.730388
0.730280
0.730111
0.730058
0.730024
0.730021
0.730043
0.730078
0.730102
0.730062
0.730016
0.730000
0.730000
0.730000
0.730001
0.730008
0.730046
0.730191
0.730518
0.731595
0.733247
0.734141
0.733247
0.731595
0.730518
0.730192
0.730048
0.730011
0.730008
0.730009
0.730006
0.730001
0.730000
0.730000
0.730001
0.730007
0.730063
0.730369
0.731416
0.735126
0.743402
0.754286
0.759702
0.754286
0.743402
0.735126
0.731416
0.730369
0.730063
0.730008
0.730001
0.730000
0.730000
0.730000
0.730000
0.730004
0.730046
0.730397
0.732216
0.739340
0.759883
0.800323
0.848755
0.871671
0.848755
0.800323
0.759883
0.739340
0.732216
0.730397
0.730046
0.730004
0.730000
0.730000
0.730000
0.730001
0.730018
0.730231
0.731930
0.739469
0.766386
0.836758
0.964110
1.107540
1.173243
1.107540
0.964110
0.836758
0.766386
0.739469
0.731930
0.730231
0.730018
0.730001
0.730000
0.730000
0.730002
0.730070
0.730901
0.735178
0.753771
0.815402
0.965720
1.222358
1.499534
1.623753
1.499534
1.222358
0.965720
0.815402
0.753771
0.735178
0.730901
0.730070
0.730002
0.730000
0.730000
0.730008
0.730215
0.731463
0.738047
0.765208
0.850588
1.048910
1.374056
1.715204
1.865806
1.715204
1.374056
1.048910
0.850588
0.765208
0.738047
0.731463
0.730215
0.730008
0.730000
0.730002
0.730123
0.731596
0.739288
0.774456
0.902295
1.263068
2.030595
3.207602
4.388201
4.897722
4.388201
3.207602
2.030595
1.263068
0.902295
0.774456
0.739288
0.731596
0.730123
0.730002
0.730033
0.730435
0.733968
0.750575
0.818802
1.044499
1.632194
2.803071
4.511134
6.167715
6.870656
6.167715
4.511134
2.803071
1.632194
1.044499
0.818802
0.750575
0.733968
0.730435
0.730033
0.794660
0.775080
0.750575
0.736140
0.731223
0.730197
0.730026
0.730003
0.730008
0.730071
0.730548
0.733415
0.747039
0.797802
0.944895
1.273714
1.834160
2.544459
4.833703
7.229012
8.039295
0.775080
0.744082
0.739288
0.733775
0.730838
0.730148
0.730021
0.730005
0.730036
0.730336
0.732546
0.745431
0.804143
1.010980
1.568904
2.708389
4.437540
6.300958
10.456207
12.101079
7.229012
0.750575
0.739288
0.731463
0.730901
0.730231
0.730046
0.730008
0.730008
0.730078
0.730723
0.735395
0.761749
0.875916
1.250862
2.172346
3.837614
5.974581
7.732508
9.375656
10.456207
4.833703
0.736140
0.733775
0.730901
0.730070
0.730022
0.730005
0.730001
0.730006
0.730072
0.730668
0.734901
0.757787
0.850468
1.126806
1.721563
2.615737
3.479726
3.838744
7.732508
6.300958
2.544459
0.731223
0.730838
0.730231
0.730022
0.730001
0.730000
0.730000
0.730004
0.730052
0.730520
0.734013
0.753582
0.834065
1.072397
1.569854
2.275514
2.889448
3.479726
5.974581
4.437540
1.834160
0.730197
0.730148
0.730046
0.730005
0.730000
0.730000
0.730000
0.730002
0.730026
0.730276
0.732241
0.743553
0.789858
0.921498
1.174736
1.488550
2.275514
2.615737
3.837614
2.708389
1.273714
0.730026
0.730021
0.730007
0.730001
0.730000
0.730000
0.730000
0.730001
0.730009
0.730102
0.730873
0.735378
0.753143
0.798862
0.872754
1.174736
1.569854
1.721563
2.172346
1.568904
0.944895
0.730003
0.730002
0.730001
0.730000
0.730000
0.730000
0.730000
0.730000
0.730002
0.730027
0.730242
0.731490
0.735930
0.745056
0.798862
0.921498
1.072397
1.126806
1.250862
1.010980
0.797802
0.730000
0.730000
0.730000
0.730000
0.730000
0.730000
0.730000
0.730000
0.730000
0.730005
0.730048
0.730286
0.730923
0.735930
0.753143
0.789858
0.834065
0.850468
0.875916
0.804143
0.747039
0.730000
0.730000
0.730000
0.730000
0.730000
0.730000
0.730000
0.730000
0.730000
0.730001
0.730007
0.730034
0.730286
0.731490
0.735378
0.743553
0.753582
0.757787
0.761749
0.745431
0.733415
0.730001
0.730000
0.730000
0.730000
0.730000
0.730000
0.730000
0.730000
0.730000
0.730001
0.730001
0.730008
0.730049
0.730242
0.730873
0.732241
0.734013
0.734901
0.735395
0.732546
0.730548
0.730000
0.730000
0.730000
0.730000
0.730000
0.730000
0.730001
0.730002
0.730005
0.730008
0.730015
0.730009
0.730010
0.730029
0.730102
0.730276
0.730520
0.730668
0.730723
0.730336
0.730071
0.730000
0.730000
0.730000
0.730000
0.730000
0.730001
0.730008
0.730027
0.730060
0.730157
0.730221
0.730157
0.730060
0.730029
0.730016
0.730027
0.730053
0.730072
0.730078
0.730036
0.730008
0.730000
0.730000
0.730000
0.730000
0.730002
0.730014
0.730072
0.730235
0.730770
0.731630
0.732108
0.731630
0.730770
0.730235
0.730072
0.730016
0.730006
0.730006
0.730007
0.730003
0.730001
0.730000
0.730000
0.730000
0.730001
0.730012
0.730099
0.730492
0.731940
0.735409
0.740209
0.742659
0.740209
0.735409
0.731940
0.730492
0.730099
0.730012
0.730001
0.730001
0.730000
0.730000
0.730000
0.730000
0.730000
0.730005
0.730068
0.730531
0.732499
0.738761
0.752069
0.768868
0.777033
0.768868
0.752069
0.738761
0.732499
0.730531
0.730068
0.730005
0.730000
0.730000
0.730000
0.730000
0.730000
0.730001
0.730022
0.730282
0.731593
0.736906
0.752340
0.782636
0.818696
0.835683
0.818696
0.782636
0.752340
0.736906
0.731593
0.730282
0.730022
0.730001
0.730000
0.730000
0.730000
0.730000
0.730005
0.730070
0.730477
0.732554
0.740459
0.762049
0.802240
0.848259
0.869499
0.848259
0.802240
0.762049
0.740459
0.732554
0.730477
0.730070
0.730005
0.730000
0.730000
0.730000
0.730002
0.730070
0.730901
0.735178
0.753771
0.815402
0.965720
1.222358
1.499534
1.623753
1.499534
1.222358
0.965720
0.815402
0.753771
0.735178
0.730901
0.730070
0.730002
0.730000
0.730001
0.730033
0.730431
0.733775
0.749098
0.808374
0.986059
1.385096
2.024665
2.686533
2.976833
2.686533
2.024665
1.385096
0.986059
0.808374
0.749098
0.733775
0.730431
0.730033
0.730001
0.730008
0.730100
0.730935
0.736140
0.758233
0.836521
1.054108
1.513327
2.215165
2.918474
3.221985
2.918474
2.215165
1.513327
1.054108
0.836521
0.758233
0.736140
0.730935
0.730100
0.730008
0.985934
0.915195
0.818802
0.758233
0.735895
0.730997
0.730134
0.730015
0.730004
0.730027
0.730219
0.731392
0.736944
0.757020
0.811931
0.924353
1.093669
1.834160
3.078742
4.314043
4.684380
0.915195
0.794684
0.774456
0.749098
0.735116
0.730942
0.730136
0.730017
0.730017
0.730154
0.731216
0.737544
0.766372
0.865380
1.118773
1.595338
2.236763
4.437540
6.880642
7.733154
4.314043
0.818802
0.774456
0.738047
0.735178
0.731930
0.730397
0.730063
0.730011
0.730043
0.730416
0.733240
0.749612
0.820938
1.050895
1.591426
2.498725
3.536959
5.974581
6.977505
6.880642
3.078742
0.758233
0.749098
0.735178
0.730477
0.730282
0.730068
0.730012
0.730006
0.730053
0.730520
0.734013
0.753582
0.834065
1.072397
1.569854
2.275514
2.889448
3.479726
5.974581
4.437540
1.834160
0.735895
0.735116
0.731930
0.730282
0.730013
0.730004
0.730001
0.730002
0.730028
0.730277
0.732109
0.741889
0.778871
0.875315
1.042461
1.219390
1.296073
2.889448
3.536959
2.236763
1.093669
0.730997
0.730942
0.730397
0.730068
0.730004
0.730000
0.730000
0.730001
0.730019
0.730207
0.731669
0.739783
0.770757
0.849620
0.978124
1.098852
1.219390
2.275514
2.498725
1.595338
0.924353
0.730134
0.730136
0.730063
0.730012
0.730001
0.730000
0.730000
0.730001
0.730008
0.730098
0.730846
0.735094
0.750884
0.787736
0.838732
0.978124
1.042461
1.569854
1.591426
1.118773
0.811931
0.730014
0.730015
0.730008
0.730002
0.730000
0.730000
0.730000
0.730000
0.730002
0.730031
0.730283
0.731717
0.736563
0.745664
0.787736
0.849620
0.875315
1.072397
1.050895
0.865380
0.757020
0.730001
0.730001
0.730001
0.730000
0.730000
0.730000
0.730000
0.730000
0.730000
0.730006
0.730064
0.730375
0.731171
0.736563
0.750884
0.770757
0.778871
0.834065
0.820938
0.766372
0.736944
0.730000
0.730000
0.730000
0.730000
0.730000
0.730000
0.730000
0.730000
0.730000
0.730001
0.730010
0.730048
0.730375
0.731717
0.735094
0.739783
0.741889
0.753582
0.749612
0.737544
0.731392
0.730000
0.730000
0.730000
0.730000
0.730000
0.730000
0.730000
0.730000
0.730000
0.730000
0.730001
0.730010
0.730064
0.730283
0.730846
0.731669
0.732109
0.734013
0.733240
0.731216
0.730219
0.730000
0.730000
0.730000
0.730000
0.730000
0.730000
0.730000
0.730001
0.730002
0.730003
0.730005
0.730004
0.730008
0.730031
0.730099
0.730207
0.730277
0.730520
0.730415
0.730154
0.730027
0.730000
0.730000
0.730000
0.730000
0.730000
0.730000
0.730001
0.730007
0.730018
0.730049
0.730070
0.730049
0.730018
0.730009
0.730010
0.730019
0.730028
0.730052
0.730042
0.730016
0.730003
0.730000
0.730000
0.730000
0.730000
0.730000
0.730002
0.730013
0.730054
0.730192
0.730429
0.730566
0.730429
0.730192
0.730054
0.730013
0.730003
0.730002
0.730004
0.730003
0.730001
0.730000
0.730000
0.730000
0.730000
0.730000
0.730001
0.730011
0.730077
0.730343
0.731047
0.732090
0.732642
0.732090
0.731047
0.730343
0.730078
0.730011
0.730001
0.730000
0.730000
0.730000
0.730000
0.730000
0.730000
0.730000
0.730000
0.730004
0.730049
0.730269
0.731074
0.732975
0.735559
0.736862
0.735559
0.732975
0.731074
0.730269
0.730049
0.730004
0.730000
0.730000
0.730000
0.730000
0.730000
0.730000
0.730000
0.730001
0.730013
0.730087
0.730450
0.731674
0.734367
0.737834
0.739533
0.737834
0.734367
0.731674
0.730450
0.730087
0.730013
0.730001
0.730000
0.730000
0.730000
0.730000
0.730000
0.730001
0.730022
0.730282
0.731593
0.736906
0.752340
0.782636
0.818696
0.835683
0.818696
0.782636
0.752340
0.736906
0.731593
0.730282
0.730022
0.730001
0.730000
0.730000
0.730000
0.730001
0.730018
0.730231
0.731930
0.739469
0.766386
0.836758
0.964110
1.107540
1.173243
1.107540
0.964110
0.836758
0.766386
0.739469
0.731930
0.730231
0.730018
0.730001
0.730000
0.730000
0.730007
0.730094
0.730838
0.735116
0.752643
0.809632
0.947483
1.182431
1.436462
1.550451
1.436462
1.182431
0.947483
0.809632
0.752643
0.735116
0.730838
0.730094
0.730007
0.730000
0.730001
0.730019
0.730180
0.731223
0.735895
0.754134
0.809389
0.935419
1.140686
1.355875
1.450937
1.355875
1.140686
0.935419
0.809389
0.754134
0.735895
0.731223
0.730180
0.730019
0.730001
1.562883
1.354898
1.044499
0.836521
0.754134
0.733587
0.730516
0.730058
0.730006
0.730009
0.730069
0.730444
0.732182
0.738105
0.752727
0.778468
0.924353
1.273714
1.829447
2.359723
2.504750
1.354898
0.970371
0.902295
0.808374
0.752643
0.734099
0.730629
0.730075
0.730012
0.730054
0.730442
0.732792
0.743310
0.777476
0.856739
0.985355
1.595338
2.708389
3.876437
4.241760
2.359723
1.044499
0.902295
0.765208
0.753771
0.739469
0.732216
0.730369
0.730048
0.730021
0.730174
0.731416
0.738763
0.770370
0.867291
1.075105
1.377496
2.498725
3.837614
4.324176
3.876437
1.829447
0.836521
0.808374
0.753771
0.732554
0.731593
0.730531
0.730099
0.730016
0.730027
0.730276
0.732241
0.743553
0.789858
0.921498
1.174736
1.488550
2.275514
2.615737
3.837614
2.708389
1.273714
0.754134
0.752643
0.739469
0.731593
0.730087
0.730049
0.730011
0.730003
0.730019
0.730207
0.731669
0.739783
0.770757
0.849620
0.978124
1.098852
1.219390
2.275514
2.498725
1.595338
0.924353
0.733587
0.734099
0.732216
0.730531
0.730049
0.730001
0.730000
0.730000
0.730006
0.730065
0.730516
0.732877
0.740929
0.758005
0.778602
0.788084
1.098852
1.488550
1.377496
0.985355
0.778468
0.730516
0.730629
0.730369
0.730099
0.730011
0.730000
0.730000
0.730000
0.730004
0.730045
0.730389
0.732263
0.738618
0.751294
0.764601
0.778602
0.978124
1.174736
1.075105
0.856739
0.752727
0.730058
0.730074
0.730046
0.730014
0.730002
0.730000
0.730000
0.730000
0.730001
0.730019
0.730172
0.731021
0.733678
0.738008
0.751294
0.758005
0.849620
0.921498
0.867291
0.777476
0.738105
0.730005
0.730007
0.730004
0.730001
0.730000
0.730000
0.730000
0.730000
0.730000
0.730005
0.730047
0.730270
0.730803
0.733678
0.738618
0.740929
0.770757
0.789858
0.770370
0.743310
0.732182
0.730000
0.730000
0.730000
0.730000
0.730000
0.730000
0.730000
0.730000
0.730000
0.730001
0.730008
0.730038
0.730270
0.731021
0.732263
0.732877
0.739783
0.743553
0.738763
0.732792
0.730444
0.730000
0.730000
0.730000
0.730000
0.730000
0.730000
0.730000
0.730000
0.730000
0.730000
0.730001
0.730008
0.730047
0.730172
0.730389
0.730516
0.731669
0.732241
0.731416
0.730442
0.730069
0.730000
0.730000
0.730000
0.730000
0.730000
0.730000
0.730000
0.730000
0.730000
0.730001
0.730001
0.730001
0.730005
0.730019
0.730045
0.730065
0.730207
0.730276
0.730173
0.730054
0.730008
0.730000
0.730000
0.730000
0.730000
0.730000
0.730000
0.730000
0.730001
0.730003
0.730008
0.730012
0.730008
0.730003
0.730002
0.730004
0.730006
0.730019
0.730026
0.730017
0.730005
0.730001
0.730000
0.730000
0.730000
0.730000
0.730000
0.730000
0.730001
0.730006
0.730023
0.730056
0.730076
0.730056
0.730023
0.730006
0.730001
0.730000
0.730001
0.730002
0.730001
0.730000
0.730000
0.730000
0.730000
0.730000
0.730000
0.730000
0.730000
0.730005
0.730025
0.730086
0.730185
0.730241
0.730185
0.730086
0.730025
0.730005
0.730000
0.730000
0.730000
0.730000
0.730000
0.730000
0.730000
0.730000
0.730000
0.730000
0.730000
0.730001
0.730009
0.730043
0.730139
0.730283
0.730360
0.730283
0.730139
0.730043
0.730009
0.730001
0.730000
0.730000
0.730000
0.730000
0.730000
0.730000
0.730000
0.730000
0.730000
0.730004
0.730049
0.730269
0.731074
0.732975
0.735559
0.736862
0.735559
0.732975
0.731074
0.730269
0.730049
0.730004
0.730000
0.730000
0.730000
0.730000
0.730000
0.730000
0.730000
0.730005
0.730068
0.730531
0.732499
0.738761
0.752069
0.768868
0.777033
0.768868
0.752069
0.738761
0.732499
0.730531
0.730068
0.730005
0.730000
0.730000
0.730000
0.730000
0.730000
0.730004
0.730046
0.730397
0.732216
0.739340
0.759883
0.800323
0.848755
0.871671
0.848755
0.800323
0.759883
0.739340
0.732216
0.730397
0.730046
0.730004
0.730000
0.730000
0.730000
0.730001
0.730016
0.730148
0.730942
0.734099
0.745915
0.777593
0.836497
0.904333
0.935797
0.904333
0.836497
0.777593
0.745915
0.734099
0.730942
0.730148
0.730016
0.730001
0.730000
0.730000
0.730003
0.730028
0.730197
0.730997
0.733587
0.743089
0.767195
0.810119
0.858104
0.880026
0.858104
0.810119
0.767195
0.743089
0.733587
0.730997
0.730197
0.730028
0.730003
0.730000
2.941357
2.444812
1.632194
1.054108
0.809389
0.743089
0.731406
0.730172
0.730016
0.730003
0.730017
0.730111
0.730525
0.731783
0.734359
0.752727
0.811931
0.944895
1.148487
1.338499
1.388801
2.444812
1.444816
1.263068
0.986059
0.809632
0.745915
0.731988
0.730254
0.730026
0.730016
0.730123
0.730787
0.733619
0.741850
0.757734
0.856739
1.118773
1.568904
2.023926
2.157538
1.338499
1.632194
1.263068
0.850588
0.815402
0.766386
0.739340
0.731416
0.730192
0.730024
0.730055
0.730457
0.732864
0.742778
0.770103
0.819031
1.075105
1.591426
2.172346
2.364988
2.023926
1.148487
1.054108
0.986059
0.815402
0.740459
0.736906
0.732499
0.730492
0.730072
0.730016
0.730102
0.730873
0.735378
0.753143
0.798862
0.872754
1.174736
1.569854
1.721563
2.172346
1.568904
0.944895
0.809389
0.809632
0.766386
0.736906
0.730450
0.730269
0.730078
0.730013
0.730010
0.730099
0.730846
0.735094
0.750884
0.787736
0.838732
0.978124
1.042461
1.569854
1.591426
1.118773
0.811931
0.743089
0.745915
0.739340
0.732499
0.730269
0.730009
0.730005
0.730001
0.730004
0.730045
0.730389
0.732263
0.738618
0.751294
0.764601
0.778602
0.978124
1.174736
1.075105
0.856739
0.752727
0.731406
0.731988
0.731416
0.730492
0.730077
0.730005
0.730000
0.730000
0.730001
0.730008
0.730072
0.730391
0.731308
0.732657
0.733339
0.764601
0.838732
0.872754
0.819031
0.757734
0.734359
0.730172
0.730254
0.730191
0.730072
0.730013
0.730001
0.730000
0.730000
0.730000
0.730005
0.730050
0.730286
0.730933
0.731740
0.732657
0.751294
0.787736
0.798862
0.770103
0.741850
0.731783
0.730016
0.730024
0.730019
0.730008
0.730001
0.730000
0.730000
0.730000
0.730000
0.730002
0.730018
0.730103
0.730283
0.730933
0.731308
0.738618
0.750884
0.753143
0.742778
0.733619
0.730525
0.730001
0.730002
0.730001
0.730001
0.730000
0.730000
0.730000
0.730000
0.730000
0.730000
0.730004
0.730017
0.730103
0.730286
0.730391
0.732263
0.735094
0.735378
0.732864
0.730787
0.730111
0.730000
0.730000
0.730000
0.730000
0.730000
0.730000
0.730000
0.730000
0.730000
0.730000
0.730000
0.730004
0.730018
0.730050
0.730072
0.730389
0.730846
0.730873
0.730457
0.730123
0.730017
0.730000
0.730000
0.730000
0.730000
0.730000
0.730000
0.730000
0.730000
0.730000
0.730000
0.730000
0.730000
0.730002
0.730005
0.730008
0.730045
0.730098
0.730102
0.730053
0.730014
0.730002
0.730000
0.730000
0.730000
0.730000
0.730000
0.730000
0.730000
0.730000
0.730000
0.730001
0.730001
0.730001
0.730000
0.730000
0.730001
0.730004
0.730008
0.730009
0.730005
0.730001
0.730000
0.730000
0.730000
0.730000
0.730000
0.730000
0.730000
0.730000
0.730000
0.730001
0.730003
0.730004
0.730003
0.730001
0.730000
0.730000
0.730000
0.730001
0.730001
0.730000
0.730000
0.730000
0.730000
0.730000
0.730000
0.730000
0.730000
0.730000
0.730000
0.730001
0.730002
0.730005
0.730007
0.730005
0.730002
0.730001
0.730000
0.730000
0.730000
0.730000
0.730000
0.730000
0.730000
0.730000
0.730000
0.730000
0.730000
0.730000
0.730000
0.730005
0.730025
0.730086
0.730185
0.730241
0.730185
0.730086
0.730025
0.730005
0.730000
0.730000
0.730000
0.730000
0.730000
0.730000
0.730000
0.730000
0.730000
0.730000
0.730001
0.730011
0.730078
0.730343
0.731047
0.732090
0.732642
0.732090
0.731047
0.730343
0.730077
0.730011
0.730001
0.730000
0.730000
0.730000
0.730000
0.730000
0.730000
0.730001
0.730001
0.730012
0.730099
0.730492
0.731940
0.735409
0.740209
0.742659
0.740209
0.735409
0.731940
0.730492
0.730099
0.730012
0.730001
0.730000
0.730000
0.730000
0.730000
0.730000
0.730001
0.730008
0.730063
0.730369
0.731416
0.735126
0.743402
0.754286
0.759702
0.754286
0.743402
0.735126
0.731416
0.730369
0.730063
0.730007
0.730001
0.730000
0.730000
0.730000
0.730001
0.730003
0.730021
0.730136
0.730629
0.731988
0.736760
0.746844
0.759617
0.765850
0.759617
0.746844
0.736760
0.731988
0.730629
0.730136
0.730021
0.730002
0.730000
0.730000
0.730000
0.730001
0.730004
0.730026
0.730134
0.730516
0.731406
0.734559
0.740954
0.748826
0.752611
0.748826
0.740954
0.734559
0.731406
0.730516
0.730134
0.730026
0.730004
0.730001
0.730000
5.489122
4.524730
2.803071
1.513327
0.935419
0.767195
0.734559
0.730360
0.730037
0.730003
0.730004
0.730022
0.730094
0.730268
0.731783
0.738105
0.757020
0.797802
0.859053
0.916091
0.931932
4.524730
2.415371
2.030595
1.385096
0.947483
0.777593
0.736760
0.730595
0.730063
0.730008
0.730027
0.730169
0.730713
0.731966
0.741850
0.777476
0.865380
1.010980
1.156055
1.199212
0.916091
2.803071
2.030595
1.048910
0.965720
0.836758
0.759883
0.735126
0.730518
0.730058
0.730016
0.730110
0.730688
0.732824
0.737505
0.770103
0.867291
1.050895
1.250862
1.315614
1.156055
0.859053
1.513327
1.385096
0.965720
0.762049
0.752340
0.738761
0.731940
0.730235
0.730029
0.730029
0.730242
0.731490
0.735930
0.745056
0.798862
0.921498
1.072397
1.126806
1.250862
1.010980
0.797802
0.935419
0.947483
0.836758
0.752340
0.731674
0.731074
0.730343
0.730054
0.730009
0.730031
0.730283
0.731717
0.736563
0.745664
0.787736
0.849620
0.875315
1.072397
1.050895
0.865380
0.757020
0.767195
0.777593
0.759883
0.738761
0.731074
0.730043
0.730025
0.730006
0.730002
0.730019
0.730172
0.731021
0.733678
0.738008
0.751294
0.758005
0.849620
0.921498
0.867291
0.777476
0.738105
0.734559
0.736760
0.735126
0.731940
0.730343
0.730025
0.730001
0.730000
0.730000
0.730005
0.730050
0.730286
0.730933
0.731740
0.732657
0.751294
0.787736
0.798862
0.770103
0.741850
0.731783
0.730360
0.730595
0.730518
0.730235
0.730054
0.730006
0.730000
0.730000
0.730000
0.730001
0.730006
0.730029
0.730078
0.730106
0.731740
0.738008
0.745664
0.745056
0.737505
0.731966
0.730268
0.730037
0.730063
0.730057
0.730027
0.730007
0.730001
0.730000
0.730000
0.730000
0.730000
0.730004
0.730019
0.730044
0.730078
0.730933
0.733678
0.736563
0.735930
0.732824
0.730713
0.730094
0.730003
0.730005
0.730004
0.730002
0.730001
0.730000
0.730000
0.730000
0.730000
0.730000
0.730001
0.730004
0.730019
0.730029
0.730286
0.731021
0.731717
0.731490
0.730688
0.730169
0.730022
0.730000
0.730000
0.730000
0.730000
0.730000
0.730000
0.730000
0.730000
0.730000
0.730000
0.730000
0.730001
0.730004
0.730006
0.730050
0.730172
0.730283
0.730242
0.730110
0.730027
0.730003
0.730000
0.730000
0.730000
0.730000
0.730000
0.730000
0.730000
0.730000
0.730000
0.730000
0.730000
0.730000
0.730000
0.730001
0.730005
0.730019
0.730031
0.730027
0.730012
0.730003
0.730000
0.730000
0.730000
0.730000
0.730000
0.730000
0.730000
0.730000
0.730000
0.730000
0.730000
0.730000
0.730000
0.730000
0.730000
0.730000
0.730001
0.730002
0.730002
0.730001
0.730000
0.730000
0.730000
0.730000
0.730000
0.730000
0.730000
0.730000
0.730000
0.730000
0.730000
0.730000
0.730000
0.730000
0.730000
0.730000
0.730000
0.730000
0.730000
0.730000
0.730000
0.730000
0.730000
0.730000
0.730000
0.730000
0.730001
0.730001
0.730000
0.730000
0.730000
0.730001
0.730003
0.730004
0.730003
0.730001
0.730000
0.730000
0.730000
0.730000
0.730000
0.730000
0.730000
0.730000
0.730000
0.730000
0.730001
0.730002
0.730001
0.730000
0.730001
0.730006
0.730023
0.730056
0.730076
0.730056
0.730023
0.730006
0.730001
0.730000
0.730000
0.730000
0.730000
0.730000
0.730000
0.730000
0.730001
0.730003
0.730004
0.730002
0.730003
0.730013
0.730054
0.730192
0.730429
0.730566
0.730429
0.730192
0.730054
0.730013
0.730002
0.730000
0.730000
0.730000
0.730000
0.730000
0.730001
0.730003
0.730007
0.730006
0.730006
0.730016
0.730072
0.730235
0.730770
0.731630
0.732108
0.731630
0.730770
0.730235
0.730072
0.730014
0.730002
0.730000
0.730000
0.730000
0.730000
0.730001
0.730006
0.730009
0.730008
0.730011
0.730048
0.730192
0.730518
0.731595
0.733247
0.734141
0.733247
0.731595
0.730518
0.730191
0.730046
0.730008
0.730001
0.730000
0.730000
0.730000
0.730003
0.730008
0.730006
0.730005
0.730017
0.730075
0.730254
0.730595
0.731752
0.733464
0.734374
0.733464
0.731752
0.730595
0.730254
0.730074
0.730015
0.730002
0.730000
0.730000
0.730001
0.730003
0.730003
0.730002
0.730003
0.730015
0.730058
0.730172
0.730360
0.731024
0.731979
0.732480
0.731979
0.731024
0.730360
0.730172
0.730058
0.730014
0.730003
0.730001
0.730001
0.730001
8.989151
7.455947
4.511134
2.215165
1.140686
0.810119
0.740954
0.731024
0.730061
0.730005
0.730001
0.730003
0.730011
0.730094
0.730525
0.732182
0.736944
0.747039
0.762201
0.776581
0.781096
7.455947
3.857140
3.207602
2.024665
1.182431
0.836497
0.746844
0.731752
0.730111
0.730010
0.730005
0.730027
0.730092
0.730713
0.733619
0.743310
0.766372
0.804143
0.842171
0.854628
0.776581
4.511134
3.207602
1.374056
1.222358
0.964110
0.800323
0.743402
0.731595
0.730111
0.730012
0.730021
0.730120
0.730397
0.732824
0.742778
0.770370
0.820938
0.875916
0.894927
0.842171
0.762201
2.215165
2.024665
1.222358
0.802240
0.782636
0.752069
0.735409
0.730770
0.730060
0.730010
0.730049
0.730286
0.730923
0.735930
0.753143
0.789858
0.834065
0.850468
0.875916
0.804143
0.747039
1.140686
1.182431
0.964110
0.782636
0.734367
0.732975
0.731047
0.730192
0.730018
0.730008
0.730064
0.730375
0.731171
0.736563
0.750884
0.770757
0.778871
0.834065
0.820938
0.766372
0.736944
0.810119
0.836497
0.800323
0.752069
0.732975
0.730139
0.730086
0.730023
0.730003
0.730005
0.730047
0.730270
0.730803
0.733678
0.738618
0.740929
0.770757
0.789858
0.770370
0.743310
0.732182
0.740954
0.746844
0.743402
0.735409
0.731047
0.730086
0.730002
0.730001
0.730000
0.730002
0.730018
0.730103
0.730283
0.730933
0.731308
0.738618
0.750884
0.753143
0.742778
0.733619
0.730525
0.731024
0.731752
0.731595
0.730770
0.730192
0.730023
0.730001
0.730000
0.730000
0.730000
0.730004
0.730019
0.730044
0.730078
0.730933
0.733678
0.736563
0.735930
0.732824
0.730713
0.730094
0.730061
0.730111
0.730111
0.730060
0.730018
0.730003
0.730000
0.730000
0.730000
0.730000
0.730000
0.730001
0.730002
0.730044
0.730283
0.730803
0.731171
0.730923
0.730397
0.730092
0.730011
0.730005
0.730010
0.730010
0.730005
0.730002
0.730000
0.730000
0.730000
0.730000
0.730000
0.730000
0.730001
0.730001
0.730019
0.730103
0.730270
0.730375
0.730286
0.730120
0.730027
0.730003
0.730000
0.730001
0.730001
0.730000
0.730000
0.730000
0.730000
0.730000
0.730000
0.730000
0.730000
0.730000
0.730000
0.730004
0.730018
0.730047
0.730064
0.730048
0.730020
0.730004
0.730001
0.730000
0.730000
0.730000
0.730000
0.730000
0.730000
0.730000
0.730000
0.730000
0.730000
0.730000
0.730000
0.730000
0.730000
0.730002
0.730005
0.730006
0.730005
0.730002
0.730000
0.730000
0.730000
0.730000
0.730000
0.730000
0.730000
0.730000
0.730000
0.730000
0.730000
0.730000
0.730000
0.730000
0.730000
0.730000
0.730000
0.730000
0.730000
0.730000
0.730000
0.730000
0.730000
0.730000
0.730000
0.730001
0.730002
0.730002
0.730001
0.730000
0.730000
0.730000
0.730000
0.730000
0.730000
0.730000
0.730000
0.730000
0.730000
0.730000
0.730000
0.730000
0.730000
0.730000
0.730000
0.730001
0.730005
0.730009
0.730008
0.730004
0.730001
0.730000
0.730000
0.730001
0.730001
0.730001
0.730000
0.730000
0.730000
0.730000
0.730000
0.730000
0.730000
0.730000
0.730000
0.730001
0.730005
0.730017
0.730026
0.730019
0.730006
0.730004
0.730002
0.730003
0.730008
0.730012
0.730008
0.730003
0.730001
0.730000
0.730000
0.730000
0.730000
0.730000
0.730000
0.730000
0.730003
0.730016
0.730042
0.730052
0.730028
0.730019
0.730010
0.730009
0.730018
0.730049
0.730070
0.730049
0.730018
0.730007
0.730001
0.730000
0.730000
0.730000
0.730000
0.730000
0.730000
0.730008
0.730036
0.730078
0.730072
0.730053
0.730027
0.730016
0.730029
0.730060
0.730157
0.730221
0.730157
0.730060
0.730027
0.730008
0.730001
0.730000
0.730000
0.730000
0.730000
0.730000
0.730016
0.730062
0.730102
0.730078
0.730043
0.730021
0.730024
0.730058
0.730111
0.730280
0.730388
0.730280
0.730111
0.730057
0.730019
0.730004
0.730001
0.730000
0.730000
0.730000
0.730001
0.730026
0.730078
0.730062
0.730036
0.730017
0.730012
0.730026
0.730063
0.730111
0.730274
0.730376
0.730274
0.730111
0.730063
0.730024
0.730007
0.730001
0.730000
0.730000
0.730000
0.730002
0.730032
0.730026
0.730016
0.730008
0.730004
0.730006
0.730016
0.730037
0.730061
0.730146
0.730199
0.730146
0.730061
0.730037
0.730016
0.730005
0.730001
0.730000
0.730001
0.730002
0.730003
12.244498
10.231135
6.167715
2.918474
1.355875
0.858104
0.748826
0.731979
0.730146
0.730007
0.730001
0.730000
0.730003
0.730022
0.730111
0.730444
0.731392
0.733415
0.736509
0.739555
0.740686
10.231135
5.271317
4.388201
2.686533
1.436462
0.904333
0.759617
0.733464
0.730274
0.730013
0.730001
0.730003
0.730027
0.730169
0.730787
0.732792
0.737544
0.745431
0.753645
0.756791
0.739555
6.167715
4.388201
1.715204
1.499534
1.107540
0.848755
0.754286
0.733247
0.730280
0.730014
0.730004
0.730013
0.730120
0.730688
0.732864
0.738763
0.749612
0.761749
0.766583
0.753645
0.736509
2.918474
2.686533
1.499534
0.848259
0.818696
0.768868
0.740209
0.731630
0.730157
0.730009
0.730008
0.730034
0.730286
0.731490
0.735378
0.743553
0.753582
0.757787
0.761749
0.745431
0.733415
1.355875
1.436462
1.107540
0.818696
0.737834
0.735559
0.732090
0.730429
0.730049
0.730004
0.730010
0.730048
0.730375
0.731717
0.735094
0.739783
0.741889
0.753582
0.749612
0.737544
0.731392
0.858104
0.904333
0.848755
0.768868
0.735559
0.730283
0.730185
0.730056
0.730008
0.730001
0.730008
0.730038
0.730270
0.731021
0.732263
0.732877
0.739783
0.743553
0.738763
0.732792
0.730444
0.748826
0.759617
0.754286
0.740209
0.732090
0.730185
0.730005
0.730003
0.730001
0.730000
0.730004
0.730017
0.730103
0.730286
0.730391
0.732263
0.735094
0.735378
0.732864
0.730787
0.730111
0.731979
0.733464
0.733247
0.731630
0.730429
0.730056
0.730003
0.730000
0.730000
0.730000
0.730001
0.730004
0.730019
0.730029
0.730286
0.731021
0.731717
0.731490
0.730688
0.730169
0.730022
0.730146
0.730274
0.730280
0.730157
0.730049
0.730008
0.730001
0.730000
0.730000
0.730000
0.730000
0.730001
0.730001
0.730019
0.730103
0.730270
0.730375
0.730286
0.730120
0.730027
0.730003
0.730007
0.730013
0.730014
0.730008
0.730003
0.730001
0.730000
0.730000
0.730000
0.730000
0.730000
0.730000
0.730001
0.730004
0.730017
0.730038
0.730048
0.730034
0.730013
0.730003
0.730000
0.730000
0.730001
0.730001
0.730001
0.730000
0.730000
0.730000
0.730000
0.730000
0.730000
0.730000
0.730000
0.730000
0.730001
0.730004
0.730008
0.730010
0.730007
0.730003
0.730001
0.730000
0.730000
0.730000
0.730000
0.730001
0.730001
0.730001
0.730000
0.730000
0.730000
0.730000
0.730000
0.730000
0.730000
0.730000
0.730000
0.730001
0.730001
0.730001
0.730000
0.730000
0.730000
0.730000
0.730000
0.730002
0.730005
0.730006
0.730005
0.730002
0.730000
0.730000
0.730000
0.730000
0.730000
0.730000
0.730000
0.730000
0.730000
0.730000
0.730000
0.730000
0.730000
0.730000
0.730000
0.730003
0.730012
0.730027
0.730031
0.730019
0.730005
0.730001
0.730000
0.730000
0.730000
0.730000
0.730000
0.730000
0.730000
0.730000
0.730000
0.730000
0.730000
0.730000
0.730000
0.730002
0.730014
0.730053
0.730102
0.730098
0.730045
0.730008
0.730005
0.730002
0.730000
0.730000
0.730000
0.730000
0.730000
0.730000
0.730000
0.730000
0.730000
0.730000
0.730000
0.730000
0.730008
0.730054
0.730173
0.730276
0.730207
0.730065
0.730045
0.730019
0.730005
0.730001
0.730001
0.730001
0.730000
0.730000
0.730000
0.730000
0.730000
0.730000
0.730000
0.730000
0.730000
0.730027
0.730154
0.730415
0.730520
0.730277
0.730207
0.730099
0.730031
0.730008
0.730004
0.730005
0.730003
0.730002
0.730001
0.730000
0.730000
0.730000
0.730000
0.730000
0.730000
0.730000
0.730071
0.730336
0.730723
0.730668
0.730520
0.730276
0.730102
0.730029
0.730010
0.730009
0.730015
0.730008
0.730005
0.730002
0.730001
0.730000
0.730000
0.730000
0.730000
0.730000
0.730000
0.730144
0.730550
0.730900
0.730723
0.730416
0.730174
0.730055
0.730016
0.730012
0.730014
0.730025
0.730014
0.730010
0.730004
0.730001
0.730000
0.730000
0.730000
0.730000
0.730000
0.730002
0.730225
0.730667
0.730550
0.730336
0.730154
0.730054
0.730016
0.730008
0.730010
0.730013
0.730023
0.730013
0.730010
0.730005
0.730002
0.730000
0.730000
0.730000
0.730000
0.730000
0.730004
0.730267
0.730225
0.730144
0.730071
0.730027
0.730009
0.730003
0.730003
0.730005
0.730007
0.730012
0.730007
0.730005
0.730003
0.730001
0.730000
0.730000
0.730000
0.730002
0.730004
0.730006
13.596475
11.394250
6.870656
3.221985
1.450937
0.880026
0.752611
0.732480
0.730199
0.730012
0.730001
0.730000
0.730001
0.730003
0.730017
0.730069
0.730219
0.730548
0.731070
0.731611
0.731852
11.394250
5.874640
4.897722
2.976833
1.550451
0.935797
0.765850
0.734374
0.730376
0.730023
0.730001
0.730001
0.730004
0.730027
0.730123
0.730442
0.731216
0.732546
0.734007
0.734678
0.731611
6.870656
4.897722
1.865806
1.623753
1.173243
0.871671
0.759702
0.734141
0.730388
0.730025
0.730001
0.730003
0.730020
0.730110
0.730457
0.731416
0.733240
0.735395
0.736422
0.734007
0.731070
3.221985
2.976833
1.623753
0.869499
0.835683
0.777033
0.742659
0.732108
0.730221
0.730015
0.730001
0.730007
0.730048
0.730242
0.730873
0.732241
0.734013
0.734901
0.735395
0.732546
0.730548
1.450937
1.550451
1.173243
0.835683
0.739533
0.736862
0.732642
0.730566
0.730070
0.730005
0.730001
0.730010
0.730064
0.730283
0.730846
0.731669
0.732109
0.734013
0.733240
0.731216
0.730219
0.880026
0.935797
0.871671
0.777033
0.736862
0.730360
0.730241
0.730076
0.730012
0.730001
0.730001
0.730008
0.730047
0.730172
0.730389
0.730516
0.731669
0.732241
0.731416
0.730442
0.730069
0.752611
0.765850
0.759702
0.742659
0.732642
0.730241
0.730007
0.730004
0.730001
0.730000
0.730000
0.730004
0.730018
0.730050
0.730072
0.730389
0.730846
0.730873
0.730457
0.730123
0.730017
0.732480
0.734374
0.734141
0.732108
0.730566
0.730076
0.730004
0.730000
0.730000
0.730000
0.730000
0.730001
0.730004
0.730006
0.730050
0.730172
0.730283
0.730242
0.730110
0.730027
0.730004
0.730199
0.730376
0.730388
0.730221
0.730070
0.730012
0.730001
0.730000
0.730000
0.730000
0.730000
0.730000
0.730000
0.730004
0.730018
0.730047
0.730064
0.730049
0.730021
0.730005
0.730001
0.730012
0.730023
0.730025
0.730015
0.730005
0.730001
0.730000
0.730000
0.730000
0.730000
0.730000
0.730000
0.730000
0.730001
0.730004
0.730008
0.730010
0.730008
0.730004
0.730001
0.730001
0.730001
0.730001
0.730001
0.730001
0.730001
0.730001
0.730000
0.730000
0.730000
0.730000
0.730000
0.730000
0.730000
0.730000
0.730000
0.730001
0.730001
0.730001
0.730001
0.730001
0.730001
0.730000
0.730001
0.730003
0.730007
0.730010
0.730008
0.730004
0.730001
0.730000
0.730000
0.730000
0.730000
0.730000
0.730000
0.730000
0.730000
0.730000
0.730001
0.730001
0.730001
0.730000
0.730001
0.730004
0.730020
0.730048
0.730064
0.730047
0.730018
0.730004
0.730000
0.730000
0.730000
0.730000
0.730000
0.730000
0.730000
0.730000
0.730000
0.730000
0.730001
0.730001
0.730000
0.730003
0.730027
0.730110
0.730242
0.730283
0.730172
0.730050
0.730006
0.730004
0.730001
0.730000
0.730000
0.730000
0.730000
0.730000
0.730000
0.730000
0.730000
0.730000
0.730000
0.730000
0.730017
0.730123
0.730457
0.730873
0.730846
0.730389
0.730072
0.730050
0.730018
0.730004
0.730000
0.730000
0.730000
0.730000
0.730000
0.730000
0.730000
0.730000
0.730000
0.730000
0.730000
0.730069
0.730442
0.731416
0.732241
0.731669
0.730516
0.730389
0.730172
0.730047
0.730008
0.730001
0.730000
0.730000
0.730000
0.730000
0.730000
0.730000
0.730000
0.730000
0.730000
0.730000
0.730219
0.731216
0.733240
0.734013
0.732109
0.731669
0.730846
0.730283
0.730064
0.730010
0.730001
0.730000
0.730000
0.730000
0.730000
0.730000
0.730000
0.730000
0.730000
0.730000
0.730000
0.730548
0.732546
0.735395
0.734901
0.734013
0.732241
0.730873
0.730242
0.730049
0.730008
0.730001
0.730001
0.730000
0.730000
0.730000
0.730000
0.730000
0.730000
0.730000
0.730000
0.730001
0.731070
0.734007
0.736422
0.735395
0.733240
0.731416
0.730457
0.730110
0.730021
0.730004
0.730001
0.730001
0.730001
0.730000
0.730000
0.730000
0.730000
0.730000
0.730000
0.730000
0.730002
0.731611
0.734678
0.734007
0.732546
0.731216
0.730442
0.730123
0.730027
0.730005
0.730001
0.730001
0.730001
0.730001
0.730000
0.730000
0.730000
0.730000
0.730000
0.730000
0.730000
0.730005
0.731852
0.731611
0.731070
0.730548
0.730219
0.730069
0.730017
0.730004
0.730001
0.730001
0.730001
0.730000
0.730000
0.730000
0.730000
0.730000
0.730000
0.730001
0.730002
0.730005
0.730007
12.244498
10.231135
6.167715
2.918474
1.355875
0.858104
0.748826
0.731979
0.730146
0.730007
0.730000
0.730000
0.730000
0.730000
0.730002
0.730008
0.730027
0.730071
0.730144
0.730225
0.730267
10.231135
5.271317
4.388201
2.686533
1.436462
0.904333
0.759617
0.733464
0.730274
0.730013
0.730001
0.730000
0.730000
0.730003
0.730014
0.730054
0.730154
0.730336
0.730550
0.730667
0.730225
6.167715
4.388201
1.715204
1.499534
1.107540
0.848755
0.754286
0.733247
0.730280
0.730014
0.730001
0.730000
0.730002
0.730012
0.730053
0.730173
0.730415
0.730723
0.730900
0.730550
0.730144
2.918474
2.686533
1.499534
0.848259
0.818696
0.768868
0.740209
0.731630
0.730157
0.730008
0.730001
0.730001
0.730005
0.730027
0.730102
0.730276
0.730520
0.730668
0.730723
0.730336
0.730071
1.355875
1.436462
1.107540
0.818696
0.737834
0.735559
0.732090
0.730429
0.730049
0.730003
0.730000
0.730001
0.730006
0.730031
0.730098
0.730207
0.730277
0.730520
0.730416
0.730154
0.730027
0.858104
0.904333
0.848755
0.768868
0.735559
0.730283
0.730185
0.730056
0.730008
0.730001
0.730000
0.730001
0.730005
0.730019
0.730045
0.730065
0.730207
0.730276
0.730174
0.730054
0.730009
0.748826
0.759617
0.754286
0.740209
0.732090
0.730185
0.730005
0.730003
0.730001
0.730000
0.730000
0.730000
0.730002
0.730005
0.730008
0.730045
0.730099
0.730102
0.730055
0.730016
0.730003
0.731979
0.733464
0.733247
0.731630
0.730429
0.730056
0.730003
0.730000
0.730000
0.730000
0.730000
0.730000
0.730000
0.730001
0.730005
0.730019
0.730031
0.730029
0.730016
0.730008
0.730003
0.730146
0.730274
0.730280
0.730157
0.730049
0.730008
0.730001
0.730000
0.730000
0.730000
0.730000
0.730000
0.730000
0.730000
0.730002
0.730005
0.730008
0.730010
0.730012
0.730010
0.730005
0.730007
0.730013
0.730014
0.730009
0.730004
0.730001
0.730000
0.730000
0.730000
0.730000
0.730000
0.730000
0.730000
0.730000
0.730000
0.730001
0.730004
0.730009
0.730014
0.730013
0.730007
0.730001
0.730001
0.730004
0.730008
0.730010
0.730008
0.730004
0.730001
0.730000
0.730000
0.730000
0.730000
0.730000
0.730000
0.730000
0.730001
0.730005
0.730015
0.730025
0.730023
0.730012
0.730000
0.730003
0.730013
0.730034
0.730048
0.730038
0.730017
0.730004
0.730001
0.730000
0.730000
0.730000
0.730000
0.730000
0.730000
0.730001
0.730003
0.730008
0.730014
0.730013
0.730007
0.730003
0.730027
0.730120
0.730286
0.730375
0.730270
0.730103
0.730019
0.730001
0.730001
0.730000
0.730000
0.730000
0.730000
0.730000
0.730000
0.730002
0.730005
0.730010
0.730010
0.730005
0.730022
0.730169
0.730688
0.731490
0.731717
0.731021
0.730286
0.730029
0.730019
0.730004
0.730001
0.730000
0.730000
0.730000
0.730000
0.730000
0.730001
0.730002
0.730004
0.730005
0.730003
0.730111
0.730787
0.732864
0.735378
0.735094
0.732263
0.730391
0.730286
0.730103
0.730017
0.730004
0.730000
0.730000
0.730000
0.730000
0.730000
0.730000
0.730001
0.730001
0.730002
0.730001
0.730444
0.732792
0.738763
0.743553
0.739783
0.732877
0.732263
0.731021
0.730270
0.730038
0.730008
0.730001
0.730000
0.730000
0.730000
0.730000
0.730000
0.730000
0.730000
0.730000
0.730000
0.731392
0.737544
0.749612
0.753582
0.741889
0.739783
0.735094
0.731717
0.730375
0.730048
0.730010
0.730001
0.730000
0.730000
0.730000
0.730000
0.730000
0.730000
0.730000
0.730000
0.730000
0.733415
0.745431
0.761749
0.757787
0.753582
0.743553
0.735378
0.731490
0.730286
0.730034
0.730007
0.730001
0.730000
0.730000
0.730000
0.730000
0.730000
0.730000
0.730000
0.730000
0.730000
0.736509
0.753645
0.766583
0.761749
0.749612
0.738763
0.732864
0.730688
0.730120
0.730013
0.730003
0.730000
0.730000
0.730000
0.730000
0.730000
0.730000
0.730000
0.730000
0.730000
0.730002
0.739555
0.756791
0.753645
0.745431
0.737544
0.732792
0.730787
0.730169
0.730027
0.730003
0.730001
0.730000
0.730000
0.730000
0.730000
0.730000
0.730000
0.730000
0.730000
0.730000
0.730004
0.740686
0.739555
0.736509
0.733415
0.731392
0.730444
0.730111
0.730022
0.730003
0.730000
0.730000
0.730000
0.730000
0.730000
0.730000
0.730000
0.730000
0.730000
0.730002
0.730004
0.730006
8.989151
7.455947
4.511134
2.215165
1.140686
0.810119
0.740954
0.731024
0.730061
0.730005
0.730000
0.730000
0.730000
0.730000
0.730000
0.730001
0.730003
0.730008
0.730016
0.730026
0.730032
7.455947
3.857140
3.207602
2.024665
1.182431
0.836497
0.746844
0.731752
0.730111
0.730010
0.730001
0.730000
0.730000
0.730000
0.730001
0.730005
0.730016
0.730036
0.730062
0.730078
0.730026
4.511134
3.207602
1.374056
1.222358
0.964110
0.800323
0.743402
0.731595
0.730111
0.730010
0.730001
0.730000
0.730000
0.730001
0.730005
0.730017
0.730042
0.730078
0.730102
0.730062
0.730016
2.215165
2.024665
1.222358
0.802240
0.782636
0.752069
0.735409
0.730770
0.730060
0.730005
0.730000
0.730000
0.730000
0.730002
0.730009
0.730026
0.730052
0.730072
0.730078
0.730036
0.730008
1.140686
1.182431
0.964110
0.782636
0.734367
0.732975
0.731047
0.730192
0.730018
0.730002
0.730000
0.730000
0.730000
0.730002
0.730008
0.730019
0.730028
0.730053
0.730043
0.730017
0.730004
0.810119
0.836497
0.800323
0.752069
0.732975
0.730139
0.730086
0.730023
0.730003
0.730000
0.730000
0.730000
0.730000
0.730001
0.730004
0.730006
0.730019
0.730027
0.730021
0.730012
0.730006
0.740954
0.746844
0.743402
0.735409
0.731047
0.730086
0.730002
0.730001
0.730000
0.730000
0.730000
0.730000
0.730000
0.730000
0.730001
0.730004
0.730010
0.730016
0.730024
0.730026
0.730016
0.731024
0.731752
0.731595
0.730770
0.730192
0.730023
0.730001
0.730000
0.730000
0.730000
0.730000
0.730000
0.730000
0.730000
0.730000
0.730002
0.730009
0.730029
0.730058
0.730063
0.730037
0.730061
0.730111
0.730111
0.730060
0.730018
0.730003
0.730000
0.730000
0.730000
0.730000
0.730000
0.730000
0.730000
0.730000
0.730000
0.730003
0.730018
0.730060
0.730111
0.730111
0.730061
0.730005
0.730010
0.730012
0.730010
0.730008
0.730005
0.730002
0.730000
0.730000
0.730000
0.730000
0.730000
0.730000
0.730000
0.730001
0.730008
0.730049
0.730157
0.730280
0.730274
0.730146
0.730001
0.730005
0.730021
0.730049
0.730064
0.730047
0.730018
0.730004
0.730000
0.730000
0.730000
0.730000
0.730000
0.730000
0.730001
0.730012
0.730070
0.730221
0.730388
0.730376
0.730199
0.730003
0.730027
0.730120
0.730286
0.730375
0.730270
0.730103
0.730019
0.730001
0.730001
0.730000
0.730000
0.730000
0.730000
0.730001
0.730008
0.730049
0.730157
0.730280
0.730274
0.730146
0.730011
0.730092
0.730397
0.730923
0.731171
0.730803
0.730283
0.730044
0.730002
0.730001
0.730000
0.730000
0.730000
0.730000
0.730000
0.730003
0.730018
0.730060
0.730111
0.730111
0.730061
0.730094
0.730713
0.732824
0.735930
0.736563
0.733678
0.730933
0.730078
0.730044
0.730019
0.730004
0.730000
0.730000
0.730000
0.730000
0.730001
0.730007
0.730027
0.730057
0.730063
0.730037
0.730525
0.733619
0.742778
0.753143
0.750884
0.738618
0.731308
0.730933
0.730283
0.730103
0.730018
0.730002
0.730000
0.730000
0.730000
0.730000
0.730001
0.730008
0.730019
0.730024
0.730016
0.732182
0.743310
0.770370
0.789858
0.770757
0.740929
0.738618
0.733678
0.730803
0.730270
0.730047
0.730005
0.730000
0.730000
0.730000
0.730000
0.730000
0.730001
0.730004
0.730007
0.730005
0.736944
0.766372
0.820938
0.834065
0.778871
0.770757
0.750884
0.736563
0.731171
0.730375
0.730064
0.730006
0.730000
0.730000
0.730000
0.730000
0.730000
0.730000
0.730001
0.730001
0.730001
0.747039
0.804143
0.875916
0.850468
0.834065
0.789858
0.753143
0.735930
0.730923
0.730286
0.730048
0.730005
0.730000
0.730000
0.730000
0.730000
0.730000
0.730000
0.730000
0.730000
0.730000
0.762201
0.842171
0.894927
0.875916
0.820938
0.770370
0.742778
0.732824
0.730397
0.730120
0.730020
0.730002
0.730000
0.730000
0.730000
0.730000
0.730000
0.730000
0.730000
0.730000
0.730001
0.776581
0.854628
0.842171
0.804143
0.766372
0.743310
0.733619
0.730713
0.730092
0.730027
0.730004
0.730000
0.730000
0.730000
0.730000
0.730000
0.730000
0.730000
0.730000
0.730000
0.730002
0.781096
0.776581
0.762201
0.747039
0.736944
0.732182
0.730525
0.730094
0.730011
0.730003
0.730001
0.730000
0.730000
0.730000
0.730000
0.730000
0.730000
0.730000
0.730001
0.730002
0.730003
5.489122
4.524730
2.803071
1.513327
0.935419
0.767195
0.734559
0.730360
0.730037
0.730003
0.730000
0.730000
0.730000
0.730000
0.730000
0.730000
0.730000
0.730001
0.730001
0.730003
0.730003
4.524730
2.415371
2.030595
1.385096
0.947483
0.777593
0.736760
0.730595
0.730063
0.730005
0.730000
0.730000
0.730000
0.730000
0.730000
0.730000
0.730001
0.730003
0.730006
0.730008
0.730003
2.803071
2.030595
1.048910
0.965720
0.836758
0.759883
0.735126
0.730518
0.730057
0.730004
0.730000
0.730000
0.730000
0.730000
0.730000
0.730001
0.730003
0.730007
0.730009
0.730006
0.730002
1.513327
1.385096
0.965720
0.762049
0.752340
0.738761
0.731940
0.730235
0.730027
0.730002
0.730000
0.730000
0.730000
0.730000
0.730001
0.730002
0.730004
0.730006
0.730008
0.730005
0.730003
0.935419
0.947483
0.836758
0.752340
0.731674
0.731074
0.730343
0.730054
0.730007
0.730001
0.730000
0.730000
0.730000
0.730000
0.730001
0.730001
0.730002
0.730006
0.730011
0.730017
0.730015
0.767195
0.777593
0.759883
0.738761
0.731074
0.730043
0.730025
0.730006
0.730001
0.730000
0.730000
0.730000
0.730000
0.730000
0.730000
0.730000
0.730003
0.730016
0.730048
0.730075
0.730058
0.734559
0.736760
0.735126
0.731940
0.730343
0.730025
0.730001
0.730000
0.730000
0.730000
0.730000
0.730000
0.730000
0.730000
0.730000
0.730001
0.730013
0.730072
0.730192
0.730254
0.730172
0.730360
0.730595
0.730518
0.730235
0.730054
0.730006
0.730000
0.730000
0.730000
0.730000
0.730000
0.730000
0.730000
0.730000
0.730000
0.730006
0.730054
0.730235
0.730518
0.730595
0.730360
0.730037
0.730063
0.730058
0.730029
0.730009
0.730002
0.730000
0.730000
0.730000
0.730000
0.730000
0.730000
0.730000
0.730000
0.730001
0.730023
0.730192
0.730770
0.731595
0.731752
0.731024
0.730003
0.730008
0.730016
0.730029
0.730031
0.730019
0.730005
0.730001
0.730000
0.730000
0.730000
0.730000
0.730000
0.730000
0.730003
0.730056
0.730429
0.731630
0.733247
0.733464
0.731979
0.730004
0.730027
0.730110
0.730242
0.730283
0.730172
0.730050
0.730006
0.730004
0.730001
0.730000
0.730000
0.730000
0.730000
0.730004
0.730076
0.730566
0.732108
0.734141
0.734374
0.732480
0.730022
0.730169
0.730688
0.731490
0.731717
0.731021
0.730286
0.730029
0.730019
0.730004
0.730001
0.730000
0.730000
0.730000
0.730003
0.730056
0.730429
0.731630
0.733247
0.733464
0.731979
0.730094
0.730713
0.732824
0.735930
0.736563
0.733678
0.730933
0.730078
0.730044
0.730019
0.730004
0.730000
0.730000
0.730000
0.730001
0.730023
0.730192
0.730770
0.731595
0.731752
0.731024
0.730268
0.731966
0.737505
0.745056
0.745664
0.738008
0.731740
0.730106
0.730078
0.730029
0.730006
0.730001
0.730000
0.730000
0.730000
0.730006
0.730054
0.730235
0.730518
0.730595
0.730360
0.731783
0.741850
0.770103
0.798862
0.787736
0.751294
0.732657
0.731740
0.730933
0.730286
0.730050
0.730005
0.730000
0.730000
0.730000
0.730001
0.730013
0.730072
0.730191
0.730254
0.730172
0.738105
0.777476
0.867291
0.921498
0.849620
0.758005
0.751294
0.738008
0.733678
0.731021
0.730172
0.730019
0.730001
0.730000
0.730000
0.730000
0.730002
0.730014
0.730046
0.730074
0.730058
0.757020
0.865380
1.050895
1.072397
0.875315
0.849620
0.787736
0.745664
0.736563
0.731717
0.730283
0.730031
0.730002
0.730000
0.730000
0.730000
0.730000
0.730002
0.730008
0.730015
0.730014
0.797802
1.010980
1.250862
1.126806
1.072397
0.921498
0.798862
0.745056
0.735930
0.731490
0.730242
0.730027
0.730002
0.730000
0.730000
0.730000
0.730000
0.730000
0.730001
0.730002
0.730003
0.859053
1.156055
1.315614
1.250862
1.050895
0.867291
0.770103
0.737505
0.732824
0.730688
0.730110
0.730012
0.730001
0.730000
0.730000
0.730000
0.730000
0.730000
0.730000
0.730000
0.730001
0.916091
1.199212
1.156055
1.010980
0.865380
0.777476
0.741850
0.731966
0.730713
0.730169
0.730027
0.730003
0.730000
0.730000
0.730000
0.730000
0.730000
0.730000
0.730000
0.730000
0.730001
0.931932
0.916091
0.859053
0.797802
0.757020
0.738105
0.731783
0.730268
0.730094
0.730022
0.730003
0.730000
0.730000
0.730000
0.730000
0.730000
0.730000
0.730000
0.730000
0.730001
0.730001
2.941357
2.444812
1.632194
1.054108
0.809389
0.743089
0.731406
0.730172
0.730016
0.730001
0.730000
0.730000
0.730000
0.730000
0.730000
0.730000
0.730000
0.730000
0.730000
0.730000
0.730000
2.444812
1.444816
1.263068
0.986059
0.809632
0.745915
0.731988
0.730254
0.730024
0.730002
0.730000
0.730000
0.730000
0.730000
0.730000
0.730000
0.730000
0.730000
0.730000
0.730001
0.730001
1.632194
1.263068
0.850588
0.815402
0.766386
0.739340
0.731416
0.730191
0.730019
0.730001
0.730000
0.730000
0.730000
0.730000
0.730000
0.730000
0.730000
0.730001
0.730001
0.730003
0.730004
1.054108
0.986059
0.815402
0.740459
0.736906
0.732499
0.730492
0.730072
0.730008
0.730001
0.730000
0.730000
0.730000
0.730000
0.730000
0.730000
0.730000
0.730001
0.730008
0.730021
0.730026
0.809389
0.809632
0.766386
0.736906
0.730450
0.730269
0.730077
0.730013
0.730001
0.730000
0.730000
0.730000
0.730000
0.730000
0.730000
0.730000
0.730001
0.730012
0.730063
0.730136
0.730134
0.743089
0.745915
0.739340
0.732499
0.730269
0.730009
0.730005
0.730001
0.730000
0.730000
0.730000
0.730000
0.730000
0.730000
0.730000
0.730000
0.730011
0.730099
0.730369
0.730629
0.730516
0.731406
0.731988
0.731416
0.730492
0.730078
0.730005
0.730000
0.730000
0.730000
0.730000
0.730000
0.730000
0.730000
0.730000
0.730000
0.730005
0.730078
0.730492
0.731416
0.731988
0.731406
0.730172
0.730254
0.730192
0.730072
0.730013
0.730001
0.730000
0.730000
0.730000
0.730000
0.730000
0.730000
0.730000
0.730000
0.730001
0.730025
0.730343
0.731940
0.735126
0.736760
0.734559
0.730016
0.730026
0.730024
0.730016
0.730010
0.730004
0.730001
0.730000
0.730000
0.730000
0.730000
0.730000
0.730000
0.730001
0.730002
0.730086
0.731047
0.735409
0.743402
0.746844
0.740954
0.730003
0.730016
0.730055
0.730102
0.730099
0.730045
0.730008
0.730005
0.730002
0.730000
0.730000
0.730000
0.730001
0.730003
0.730005
0.730185
0.732090
0.740209
0.754286
0.759617
0.748826
0.730017
0.730123
0.730457
0.730873
0.730846
0.730389
0.730072
0.730050
0.730018
0.730004
0.730000
0.730000
0.730001
0.730004
0.730007
0.730241
0.732642
0.742659
0.759702
0.765850
0.752611
0.730111
0.730787
0.732864
0.735378
0.735094
0.732263
0.730391
0.730286
0.730103
0.730017
0.730004
0.730000
0.730001
0.730003
0.730005
0.730185
0.732090
0.740209
0.754286
0.759617
0.748826
0.730525
0.733619
0.742778
0.753143
0.750884
0.738618
0.731308
0.730933
0.730283
0.730103
0.730018
0.730002
0.730000
0.730001
0.730002
0.730086
0.731047
0.735409
0.743402
0.746844
0.740954
0.731783
0.741850
0.770103
0.798862
0.787736
0.751294
0.732657
0.731740
0.730933
0.730286
0.730050
0.730005
0.730000
0.730000
0.730001
0.730025
0.730343
0.731940
0.735126
0.736760
0.734559
0.734359
0.757734
0.819031
0.872754
0.838732
0.764601
0.733339
0.732657
0.731308
0.730391
0.730072
0.730008
0.730001
0.730000
0.730000
0.730005
0.730077
0.730492
0.731416
0.731988
0.731406
0.752727
0.856739
1.075105
1.174736
0.978124
0.778602
0.764601
0.751294
0.738618
0.732263
0.730389
0.730045
0.730004
0.730000
0.730000
0.730000
0.730011
0.730099
0.730369
0.730629
0.730516
0.811931
1.118773
1.591426
1.569854
1.042461
0.978124
0.838732
0.787736
0.750884
0.735094
0.730846
0.730098
0.730008
0.730001
0.730000
0.730000
0.730001
0.730012
0.730063
0.730136
0.730134
0.944895
1.568904
2.172346
1.721563
1.569854
1.174736
0.872754
0.798862
0.753143
0.735378
0.730873
0.730102
0.730009
0.730001
0.730000
0.730000
0.730000
0.730001
0.730007
0.730021
0.730026
1.148487
2.023926
2.364988
2.172346
1.591426
1.075105
0.819031
0.770103
0.742778
0.732864
0.730457
0.730053
0.730005
0.730000
0.730000
0.730000
0.730000
0.730000
0.730001
0.730002
0.730004
1.338499
2.157538
2.023926
1.568904
1.118773
0.856739
0.757734
0.741850
0.733619
0.730787
0.730123
0.730014
0.730001
0.730000
0.730000
0.730000
0.730000
0.730000
0.730000
0.730000
0.730001
1.388801
1.338499
1.148487
0.944895
0.811931
0.752727
0.734359
0.731783
0.730525
0.730111
0.730017
0.730002
0.730000
0.730000
0.730000
0.730000
0.730000
0.730000
0.730000
0.730000
0.730000
1.562883
1.354898
1.044499
0.836521
0.754134
0.733587
0.730516
0.730058
0.730005
0.730000
0.730000
0.730000
0.730000
0.730000
0.730000
0.730000
0.730000
0.730000
0.730000
0.730000
0.730000
1.354898
0.970371
0.902295
0.808374
0.752643
0.734099
0.730629
0.730074
0.730007
0.730000
0.730000
0.730000
0.730000
0.730000
0.730000
0.730000
0.730000
0.730000
0.730000
0.730001
0.730003
1.044499
0.902295
0.765208
0.753771
0.739469
0.732216
0.730369
0.730046
0.730004
0.730000
0.730000
0.730000
0.730000
0.730000
0.730000
0.730000
0.730000
0.730000
0.730004
0.730016
0.730028
0.836521
0.808374
0.753771
0.732554
0.731593
0.730531
0.730099
0.730014
0.730001
0.730000
0.730000
0.730000
0.730000
0.730000
0.730000
0.730000
0.730000
0.730005
0.730046
0.730148
0.730197
0.754134
0.752643
0.739469
0.731593
0.730087
0.730049
0.730011
0.730002
0.730000
0.730000
0.730000
0.730000
0.730000
0.730000
0.730000
0.730000
0.730004
0.730068
0.730397
0.730942
0.730997
0.733587
0.734099
0.732216
0.730531
0.730049
0.730001
0.730000
0.730000
0.730000
0.730000
0.730000
0.730000
0.730000
0.730000
0.730000
0.730001
0.730049
0.730531
0.732216
0.734099
0.733587
0.730516
0.730629
0.730369
0.730099
0.730011
0.730000
0.730000
0.730000
0.730000
0.730000
0.730000
0.730000
0.730000
0.730001
0.730005
0.730009
0.730269
0.732499
0.739340
0.745915
0.743089
0.730058
0.730075
0.730048
0.730016
0.730003
0.730000
0.730000
0.730000
0.730000
0.730000
0.730000
0.730000
0.730001
0.730006
0.730025
0.730043
0.731074
0.738761
0.759883
0.777593
0.767195
0.730006
0.730012
0.730021
0.730027
0.730019
0.730006
0.730004
0.730001
0.730000
0.730000
0.730000
0.730000
0.730003
0.730023
0.730086
0.730139
0.732975
0.752069
0.800323
0.836497
0.810119
0.730009
0.730054
0.730174
0.730276
0.730207
0.730065
0.730045
0.730019
0.730005
0.730001
0.730000
0.730001
0.730008
0.730056
0.730185
0.730283
0.735559
0.768868
0.848755
0.904333
0.858104
0.730069
0.730442
0.731416
0.732241
0.731669
0.730516
0.730389
0.730172
0.730047
0.730008
0.730001
0.730001
0.730012
0.730076
0.730241
0.730360
0.736862
0.777033
0.871671
0.935797
0.880026
0.730444
0.732792
0.738763
0.743553
0.739783
0.732877
0.732263
0.731021
0.730270
0.730038
0.730008
0.730001
0.730008
0.730056
0.730185
0.730283
0.735559
0.768868
0.848755
0.904333
0.858104
0.732182
0.743310
0.770370
0.789858
0.770757
0.740929
0.738618
0.733678
0.730803
0.730270
0.730047
0.730005
0.730003
0.730023
0.730086
0.730139
0.732975
0.752069
0.800323
0.836497
0.810119
0.738105
0.777476
0.867291
0.921498
0.849620
0.758005
0.751294
0.738008
0.733678
0.731021
0.730172
0.730019
0.730002
0.730006
0.730025
0.730043
0.731074
0.738761
0.759883
0.777593
0.767195
0.752727
0.856739
1.075105
1.174736
0.978124
0.778602
0.764601
0.751294
0.738618
0.732263
0.730389
0.730045
0.730004
0.730001
0.730005
0.730009
0.730269
0.732499
0.739340
0.745915
0.743089
0.778468
0.985355
1.377496
1.488550
1.098852
0.788084
0.778602
0.758005
0.740929
0.732877
0.730516
0.730065
0.730006
0.730000
0.730000
0.730001
0.730049
0.730531
0.732216
0.734099
0.733587
0.924353
1.595338
2.498725
2.275514
1.219390
1.098852
0.978124
0.849620
0.770757
0.739783
0.731669
0.730207
0.730019
0.730001
0.730000
0.730000
0.730004
0.730068
0.730397
0.730942
0.730997
1.273714
2.708389
3.837614
2.615737
2.275514
1.488550
1.174736
0.921498
0.789858
0.743553
0.732241
0.730276
0.730026
0.730002
0.730000
0.730000
0.730000
0.730005
0.730046
0.730148
0.730197
1.829447
3.876437
4.324176
3.837614
2.498725
1.377496
1.075105
0.867291
0.770370
0.738763
0.731416
0.730173
0.730017
0.730001
0.730000
0.730000
0.730000
0.730000
0.730004
0.730016
0.730028
2.359723
4.241760
3.876437
2.708389
1.595338
0.985355
0.856739
0.777476
0.743310
0.732792
0.730442
0.730054
0.730005
0.730000
0.730000
0.730000
0.730000
0.730000
0.730000
0.730001
0.730003
2.504750
2.359723
1.829447
1.273714
0.924353
0.778468
0.752727
0.738105
0.732182
0.730444
0.730069
0.730008
0.730001
0.730000
0.730000
0.730000
0.730000
0.730000
0.730000
0.730000
0.730000
0.985934
0.915195
0.818802
0.758233
0.735895
0.730997
0.730134
0.730014
0.730001
0.730000
0.730000
0.730000
0.730000
0.730000
0.730000
0.730000
0.730000
0.730000
0.730000
0.730000
0.730001
0.915195
0.794684
0.774456
0.749098
0.735116
0.730942
0.730136
0.730015
0.730001
0.730000
0.730000
0.730000
0.730000
0.730000
0.730000
0.730000
0.730000
0.730000
0.730001
0.730007
0.730019
0.818802
0.774456
0.738047
0.735178
0.731930
0.730397
0.730063
0.730008
0.730001
0.730000
0.730000
0.730000
0.730000
0.730000
0.730000
0.730000
0.730000
0.730001
0.730018
0.730094
0.730180
0.758233
0.749098
0.735178
0.730477
0.730282
0.730068
0.730012
0.730002
0.730000
0.730000
0.730000
0.730000
0.730000
0.730000
0.730000
0.730000
0.730001
0.730022
0.730231
0.730838
0.731223
0.735895
0.735116
0.731930
0.730282
0.730013
0.730004
0.730001
0.730000
0.730000
0.730000
0.730000
0.730000
0.730000
0.730000
0.730001
0.730004
0.730013
0.730282
0.731930
0.735116
0.735895
0.730997
0.730942
0.730397
0.730068
0.730004
0.730000
0.730000
0.730000
0.730000
0.730000
0.730000
0.730000
0.730000
0.730002
0.730011
0.730049
0.730087
0.731593
0.739469
0.752643
0.754134
0.730134
0.730136
0.730063
0.730012
0.730001
0.730000
0.730000
0.730000
0.730000
0.730000
0.730000
0.730000
0.730001
0.730013
0.730077
0.730269
0.730450
0.736906
0.766386
0.809632
0.809389
0.730015
0.730017
0.730011
0.730006
0.730002
0.730001
0.730001
0.730000
0.730000
0.730000
0.730000
0.730001
0.730007
0.730054
0.730343
0.731074
0.731674
0.752340
0.836758
0.947483
0.935419
0.730004
0.730017
0.730043
0.730053
0.730028
0.730019
0.730008
0.730002
0.730000
0.730000
0.730000
0.730002
0.730018
0.730192
0.731047
0.732975
0.734367
0.782636
0.964110
1.182431
1.140686
0.730027
0.730154
0.730416
0.730520
0.730277
0.730207
0.730098
0.730031
0.730006
0.730001
0.730000
0.730003
0.730049
0.730429
0.732090
0.735559
0.737834
0.818696
1.107540
1.436462
1.355875
0.730219
0.731216
0.733240
0.734013
0.732109
0.731669
0.730846
0.730283
0.730064
0.730010
0.730001
0.730005
0.730070
0.730566
0.732642
0.736862
0.739533
0.835683
1.173243
1.550451
1.450937
0.731392
0.737544
0.749612
0.753582
0.741889
0.739783
0.735094
0.731717
0.730375
0.730048
0.730010
0.730004
0.730049
0.730429
0.732090
0.735559
0.737834
0.818696
1.107540
1.436462
1.355875
0.736944
0.766372
0.820938
0.834065
0.778871
0.770757
0.750884
0.736563
0.731171
0.730375
0.730064
0.730008
0.730018
0.730192
0.731047
0.732975
0.734367
0.782636
0.964110
1.182431
1.140686
0.757020
0.865380
1.050895
1.072397
0.875315
0.849620
0.787736
0.745664
0.736563
0.731717
0.730283
0.730031
0.730009
0.730054
0.730343
0.731074
0.731674
0.752340
0.836758
0.947483
0.935419
0.811931
1.118773
1.591426
1.569854
1.042461
0.978124
0.838732
0.787736
0.750884
0.735094
0.730846
0.730099
0.730010
0.730013
0.730078
0.730269
0.730450
0.736906
0.766386
0.809632
0.809389
0.924353
1.595338
2.498725
2.275514
1.219390
1.098852
0.978124
0.849620
0.770757
0.739783
0.731669
0.730207
0.730019
0.730003
0.730011
0.730049
0.730087
0.731593
0.739469
0.752643
0.754134
1.093669
2.236763
3.536959
2.889448
1.296073
1.219390
1.042461
0.875315
0.778871
0.741889
0.732109
0.730277
0.730028
0.730002
0.730001
0.730004
0.730013
0.730282
0.731930
0.735116
0.735895
1.834160
4.437540
5.974581
3.479726
2.889448
2.275514
1.569854
1.072397
0.834065
0.753582
0.734013
0.730520
0.730052
0.730004
0.730000
0.730000
0.730001
0.730022
0.730231
0.730838
0.731223
3.078742
6.880642
6.977505
5.974581
3.536959
2.498725
1.591426
1.050895
0.820938
0.749612
0.733240
0.730415
0.730042
0.730003
0.730000
0.730000
0.730000
0.730001
0.730018
0.730094
0.730180
4.314043
7.733154
6.880642
4.437540
2.236763
1.595338
1.118773
0.865380
0.766372
0.737544
0.731216
0.730154
0.730016
0.730001
0.730000
0.730000
0.730000
0.730000
0.730001
0.730007
0.730019
4.684380
4.314043
3.078742
1.834160
1.093669
0.924353
0.811931
0.757020
0.736944
0.731392
0.730219
0.730027
0.730003
0.730000
0.730000
0.730000
0.730000
0.730000
0.730000
0.730000
0.730001
0.794660
0.775080
0.750575
0.736140
0.731223
0.730197
0.730026
0.730003
0.730000
0.730000
0.730001
0.730000
0.730000
0.730000
0.730000
0.730000
0.730000
0.730000
0.730000
0.730001
0.730008
0.775080
0.744082
0.739288
0.733775
0.730838
0.730148
0.730021
0.730002
0.730000
0.730000
0.730000
0.730000
0.730000
0.730000
0.730000
0.730000
0.730000
0.730000
0.730002
0.730033
0.730100
0.750575
0.739288
0.731463
0.730901
0.730231
0.730046
0.730007
0.730001
0.730000
0.730000
0.730000
0.730000
0.730000
0.730000
0.730000
0.730000
0.730001
0.730005
0.730070
0.730431
0.730935
0.736140
0.733775
0.730901
0.730070
0.730022
0.730005
0.730001
0.730000
0.730000
0.730000
0.730000
0.730000
0.730000
0.730000
0.730001
0.730005
0.730022
0.730070
0.730901
0.733775
0.736140
0.731223
0.730838
0.730231
0.730022
0.730001
0.730000
0.730000
0.730000
0.730000
0.730000
0.730000
0.730000
0.730000
0.730002
0.730012
0.730068
0.730282
0.730477
0.735178
0.749098
0.758233
0.730197
0.730148
0.730046
0.730005
0.730000
0.730000
0.730000
0.730000
0.730000
0.730000
0.730000
0.730000
0.730001
0.730014
0.730099
0.730531
0.731593
0.732554
0.753771
0.808374
0.836521
0.730026
0.730021
0.730008
0.730001
0.730000
0.730000
0.730000
0.730000
0.730000
0.730000
0.730000
0.730001
0.730008
0.730072
0.730492
0.732499
0.736906
0.740459
0.815402
0.986059
1.054108
0.730003
0.730005
0.730008
0.730006
0.730004
0.730002
0.730001
0.730000
0.730000
0.730000
0.730000
0.730002
0.730027
0.730235
0.731940
0.738761
0.752340
0.762049
0.965720
1.385096
1.513327
0.730008
0.730036
0.730078
0.730072
0.730052
0.730026
0.730009
0.730002
0.730000
0.730000
0.730000
0.730005
0.730060
0.730770
0.735409
0.752069
0.782636
0.802240
1.222358
2.024665
2.215165
0.730071
0.730336
0.730723
0.730668
0.730520
0.730276
0.730102
0.730027
0.730005
0.730001
0.730001
0.730008
0.730157
0.731630
0.740209
0.768868
0.818696
0.848259
1.499534
2.686533
2.918474
0.730548
0.732546
0.735395
0.734901
0.734013
0.732241
0.730873
0.730242
0.730048
0.730007
0.730001
0.730015
0.730221
0.732108
0.742659
0.777033
0.835683
0.869499
1.623753
2.976833
3.221985
0.733415
0.745431
0.761749
0.757787
0.753582
0.743553
0.735378
0.731490
0.730286
0.730034
0.730008
0.730009
0.730157
0.731630
0.740209
0.768868
0.818696
0.848259
1.499534
2.686533
2.918474
0.747039
0.804143
0.875916
0.850468
0.834065
0.789858
0.753143
0.735930
0.730923
0.730286
0.730049
0.730010
0.730060
0.730770
0.735409
0.752069
0.782636
0.802240
1.222358
2.024665
2.215165
0.797802
1.010980
1.250862
1.126806
1.072397
0.921498
0.798862
0.745056
0.735930
0.731490
0.730242
0.730029
0.730029
0.730235
0.731940
0.738761
0.752340
0.762049
0.965720
1.385096
1.513327
0.944895
1.568904
2.172346
1.721563
1.569854
1.174736
0.872754
0.798862
0.753143
0.735378
0.730873
0.730102
0.730016
0.730072
0.730492
0.732499
0.736906
0.740459
0.815402
0.986059
1.054108
1.273714
2.708389
3.837614
2.615737
2.275514
1.488550
1.174736
0.921498
0.789858
0.743553
0.732241
0.730276
0.730027
0.730016
0.730099
0.730531
0.731593
0.732554
0.753771
0.808374
0.836521
1.834160
4.437540
5.974581
3.479726
2.889448
2.275514
1.569854
1.072397
0.834065
0.753582
0.734013
0.730520
0.730053
0.730006
0.730012
0.730068
0.730282
0.730477
0.735178
0.749098
0.758233
2.544459
6.300958
7.732508
3.838744
3.479726
2.615737
1.721563
1.126806
0.850468
0.757787
0.734901
0.730668
0.730072
0.730006
0.730001
0.730005
0.730022
0.730070
0.730901
0.733775
0.736140
4.833703
10.456207
9.375656
7.732508
5.974581
3.837614
2.172346
1.250862
0.875916
0.761749
0.735395
0.730723
0.730078
0.730007
0.730001
0.730000
0.730001
0.730005
0.730070
0.730431
0.730935
7.229012
12.101079
10.456207
6.300958
4.437540
2.708389
1.568904
1.010980
0.804143
0.745431
0.732546
0.730336
0.730036
0.730003
0.730000
0.730000
0.730000
0.730000
0.730002
0.730033
0.730100
8.039295
7.229012
4.833703
2.544459
1.834160
1.273714
0.944895
0.797802
0.747039
0.733415
0.730548
0.730071
0.730008
0.730001
0.730000
0.730000
0.730000
0.730000
0.730000
0.730001
0.730008
0.743550
0.739114
0.733968
0.730935
0.730180
0.730028
0.730004
0.730001
0.730001
0.730002
0.730002
0.730002
0.730001
0.730000
0.730000
0.730000
0.730000
0.730000
0.730000
0.730002
0.730033
0.739114
0.732511
0.731596
0.730431
0.730094
0.730016
0.730002
0.730000
0.730000
0.730000
0.730000
0.730000
0.730000
0.730000
0.730000
0.730000
0.730001
0.730002
0.730008
0.730123
0.730435
0.733968
0.731596
0.730215
0.730070
0.730018
0.730004
0.730001
0.730000
0.730000
0.730000
0.730000
0.730000
0.730000
0.730000
0.730001
0.730004
0.730018
0.730070
0.730215
0.731596
0.733968
0.730935
0.730431
0.730070
0.730005
0.730001
0.730000
0.730000
0.730000
0.730000
0.730000
0.730000
0.730000
0.730000
0.730001
0.730007
0.730046
0.730231
0.730901
0.731463
0.739288
0.750575
0.730180
0.730094
0.730018
0.730001
0.730000
0.730000
0.730000
0.730000
0.730000
0.730000
0.730000
0.730000
0.730001
0.730008
0.730063
0.730397
0.731930
0.735178
0.738047
0.774456
0.818802
0.730028
0.730016
0.730004
0.730000
0.730000
0.730000
0.730000
0.730000
0.730000
0.730000
0.730000
0.730000
0.730004
0.730046
0.730369
0.732216
0.739469
0.753771
0.765208
0.902295
1.044499
0.730004
0.730003
0.730001
0.730001
0.730000
0.730000
0.730000
0.730000
0.730000
0.730000
0.730000
0.730001
0.730019
0.730191
0.731416
0.739340
0.766386
0.815402
0.850588
1.263068
1.632194
0.730002
0.730006
0.730009
0.730007
0.730003
0.730001
0.730000
0.730000
0.730000
0.730000
0.730000
0.730004
0.730057
0.730518
0.735126
0.759883
0.836758
0.965720
1.048910
2.030595
2.803071
0.730016
0.730062
0.730102
0.730078
0.730042
0.730017
0.730005
0.730001
0.730000
0.730000
0.730001
0.730010
0.730111
0.731595
0.743402
0.800323
0.964110
1.222358
1.374056
3.207602
4.511134
0.730144
0.730550
0.730900
0.730723
0.730415
0.730173
0.730053
0.730012
0.730002
0.730000
0.730001
0.730014
0.730280
0.733247
0.754286
0.848755
1.107540
1.499534
1.715204
4.388201
6.167715
0.731070
0.734007
0.736422
0.735395
0.733240
0.731416
0.730457
0.730110
0.730020
0.730003
0.730001
0.730025
0.730388
0.734141
0.759702
0.871671
1.173243
1.623753
1.865806
4.897722
6.870656
0.736509
0.753645
0.766583
0.761749
0.749612
0.738763
0.732864
0.730688
0.730120
0.730013
0.730004
0.730014
0.730280
0.733247
0.754286
0.848755
1.107540
1.499534
1.715204
4.388201
6.167715
0.762201
0.842171
0.894927
0.875916
0.820938
0.770370
0.742778
0.732824
0.730397
0.730120
0.730021
0.730012
0.730111
0.731595
0.743402
0.800323
0.964110
1.222358
1.374056
3.207602
4.511134
0.859053
1.156055
1.315614
1.250862
1.050895
0.867291
0.770103
0.737505
0.732824
0.730688
0.730110
0.730016
0.730058
0.730518
0.735126
0.759883
0.836758
0.965720
1.048910
2.030595
2.803071
1.148487
2.023926
2.364988
2.172346
1.591426
1.075105
0.819031
0.770103
0.742778
0.732864
0.730457
0.730055
0.730024
0.730192
0.731416
0.739340
0.766386
0.815402
0.850588
1.263068
1.632194
1.829447
3.876437
4.324176
3.837614
2.498725
1.377496
1.075105
0.867291
0.770370
0.738763
0.731416
0.730174
0.730021
0.730048
0.730369
0.732216
0.739469
0.753771
0.765208
0.902295
1.044499
3.078742
6.880642
6.977505
5.974581
3.536959
2.498725
1.591426
1.050895
0.820938
0.749612
0.733240
0.730416
0.730043
0.730011
0.730063
0.730397
0.731930
0.735178
0.738047
0.774456
0.818802
4.833703
10.456207
9.375656
7.732508
5.974581
3.837614
2.172346
1.250862
0.875916
0.761749
0.735395
0.730723
0.730078
0.730008
0.730008
0.730046
0.730231
0.730901
0.731463
0.739288
0.750575
6.638848
13.275570
10.341951
9.375656
6.977505
4.324176
2.364988
1.315614
0.894927
0.766583
0.736422
0.730900
0.730102
0.730009
0.730001
0.730004
0.730018
0.730070
0.730215
0.731596
0.733968
10.502204
15.854150
13.275570
10.456207
6.880642
3.876437
2.023926
1.156055
0.842171
0.753645
0.734007
0.730550
0.730062
0.730006
0.730000
0.730000
0.730001
0.730002
0.730008
0.730123
0.730435
11.985220
10.502204
6.638848
4.833703
3.078742
1.829447
1.148487
0.859053
0.762201
0.736509
0.731070
0.730144
0.730016
0.730001
0.730000
0.730000
0.730000
0.730000
0.730000
0.730002
0.730033
0.732378
0.731549
0.730435
0.730100
0.730019
0.730003
0.730001
0.730001
0.730002
0.730004
0.730005
0.730004
0.730002
0.730001
0.730000
0.730000
0.730000
0.730001
0.730002
0.730008
0.730119
0.731549
0.730372
0.730123
0.730033
0.730007
0.730001
0.730000
0.730000
0.730000
0.730000
0.730000
0.730000
0.730000
0.730000
0.730000
0.730001
0.730007
0.730033
0.730123
0.730372
0.731549
0.730435
0.730123
0.730008
0.730002
0.730001
0.730000
0.730000
0.730000
0.730000
0.730000
0.730000
0.730000
0.730000
0.730000
0.730002
0.730016
0.730094
0.730431
0.731596
0.732511
0.739114
0.730100
0.730033
0.730002
0.730000
0.730000
0.730000
0.730000
0.730000
0.730000
0.730000
0.730000
0.730000
0.730000
0.730002
0.730021
0.730148
0.730838
0.733775
0.739288
0.744082
0.775080
0.730019
0.730007
0.730001
0.730000
0.730000
0.730000
0.730000
0.730000
0.730000
0.730000
0.730000
0.730000
0.730001
0.730015
0.730136
0.730942
0.735116
0.749098
0.774456
0.794684
0.915195
0.730003
0.730001
0.730000
0.730000
0.730000
0.730000
0.730000
0.730000
0.730000
0.730000
0.730000
0.730000
0.730007
0.730074
0.730629
0.734099
0.752643
0.808374
0.902295
0.970371
1.354898
0.730001
0.730001
0.730000
0.730000
0.730000
0.730000
0.730000
0.730000
0.730000
0.730000
0.730000
0.730002
0.730024
0.730254
0.731988
0.745915
0.809632
0.986059
1.263068
1.444816
2.444812
0.730003
0.730008
0.730006
0.730003
0.730001
0.730000
0.730000
0.730000
0.730000
0.730000
0.730000
0.730005
0.730063
0.730595
0.736760
0.777593
0.947483
1.385096
2.030595
2.415371
4.524730
0.730026
0.730078
0.730062
0.730036
0.730016
0.730005
0.730001
0.730000
0.730000
0.730000
0.730001
0.730010
0.730111
0.731752
0.746844
0.836497
1.182431
2.024665
3.207602
3.857140
7.455947
0.730225
0.730667
0.730550
0.730336
0.730154
0.730054
0.730014
0.730003
0.730000
0.730000
0.730001
0.730013
0.730274
0.733464
0.759617
0.904333
1.436462
2.686533
4.388201
5.271317
10.231135
0.731611
0.734678
0.734007
0.732546
0.731216
0.730442
0.730123
0.730027
0.730004
0.730001
0.730001
0.730023
0.730376
0.734374
0.765850
0.935797
1.550451
2.976833
4.897722
5.874640
11.394250
0.739555
0.756791
0.753645
0.745431
0.737544
0.732792
0.730787
0.730169
0.730027
0.730003
0.730001
0.730013
0.730274
0.733464
0.759617
0.904333
1.436462
2.686533
4.388201
5.271317
10.231135
0.776581
0.854628
0.842171
0.804143
0.766372
0.743310
0.733619
0.730713
0.730092
0.730027
0.730005
0.730010
0.730111
0.731752
0.746844
0.836497
1.182431
2.024665
3.207602
3.857140
7.455947
0.916091
1.199212
1.156055
1.010980
0.865380
0.777476
0.741850
0.731966
0.730713
0.730169
0.730027
0.730008
0.730063
0.730595
0.736760
0.777593
0.947483
1.385096
2.030595
2.415371
4.524730
1.338499
2.157538
2.023926
1.568904
1.118773
0.856739
0.757734
0.741850
0.733619
0.730787
0.730123
0.730016
0.730026
0.730254
0.731988
0.745915
0.809632
0.986059
1.263068
1.444816
2.444812
2.359723
4.241760
3.876437
2.708389
1.595338
0.985355
0.856739
0.777476
0.743310
0.732792
0.730442
0.730054
0.730012
0.730075
0.730629
0.734099
0.752643
0.808374
0.902295
0.970371
1.354898
4.314043
7.733154
6.880642
4.437540
2.236763
1.595338
1.118773
0.865380
0.766372
0.737544
0.731216
0.730154
0.730017
0.730017
0.730136
0.730942
0.735116
0.749098
0.774456
0.794684
0.915195
7.229012
12.101079
10.456207
6.300958
4.437540
2.708389
1.568904
1.010980
0.804143
0.745431
0.732546
0.730336
0.730036
0.730005
0.730021
0.730148
0.730838
0.733775
0.739288
0.744082
0.775080
10.502204
15.854150
13.275570
10.456207
6.880642
3.876437
2.023926
1.156055
0.842171
0.753645
0.734007
0.730550
0.730062
0.730006
0.730003
0.730016
0.730094
0.730431
0.731596
0.732511
0.739114
12.999572
17.331527
15.854150
12.101079
7.733154
4.241760
2.157538
1.199212
0.854628
0.756791
0.734678
0.730667
0.730078
0.730008
0.730001
0.730001
0.730007
0.730033
0.730123
0.730372
0.731549
15.244874
12.999572
10.502204
7.229012
4.314043
2.359723
1.338499
0.916091
0.776581
0.739555
0.731611
0.730225
0.730026
0.730003
0.730000
0.730000
0.730000
0.730001
0.730002
0.730008
0.730119
0.730353
0.730119
0.730033
0.730008
0.730001
0.730000
0.730000
0.730001
0.730003
0.730006
0.730007
0.730006
0.730003
0.730001
0.730000
0.730000
0.730001
0.730008
0.730033
0.730119
0.730353
0.730119
0.730008
0.730002
0.730001
0.730000
0.730000
0.730000
0.730001
0.730002
0.730004
0.730005
0.730004
0.730002
0.730001
0.730001
0.730003
0.730019
0.730100
0.730435
0.731549
0.732378
0.730033
0.730002
0.730000
0.730000
0.730000
0.730000
0.730000
0.730000
0.730001
0.730002
0.730002
0.730002
0.730001
0.730001
0.730004
0.730028
0.730180
0.730935
0.733968
0.739114
0.743550
0.730008
0.730001
0.730000
0.730000
0.730000
0.730000
0.730000
0.730000
0.730000
0.730000
0.730001
0.730000
0.730000
0.730003
0.730026
0.730197
0.731223
0.736140
0.750575
0.775080
0.794660
0.730001
0.730000
0.730000
0.730000
0.730000
0.730000
0.730000
0.730000
0.730000
0.730000
0.730000
0.730000
0.730001
0.730014
0.730134
0.730997
0.735895
0.758233
0.818802
0.915195
0.985934
0.730000
0.730000
0.730000
0.730000
0.730000
0.730000
0.730000
0.730000
0.730000
0.730000
0.730000
0.730000
0.730005
0.730058
0.730516
0.733587
0.754134
0.836521
1.044499
1.354898
1.562883
0.730000
0.730000
0.730000
0.730000
0.730000
0.730000
0.730000
0.730000
0.730000
0.730000
0.730000
0.730001
0.730016
0.730172
0.731406
0.743089
0.809389
1.054108
1.632194
2.444812
2.941357
0.730003
0.730003
0.730001
0.730001
0.730000
0.730000
0.730000
0.730000
0.730000
0.730000
0.730000
0.730003
0.730037
0.730360
0.734559
0.767195
0.935419
1.513327
2.803071
4.524730
5.489122
0.730032
0.730026
0.730016
0.730008
0.730003
0.730001
0.730000
0.730000
0.730000
0.730000
0.730000
0.730005
0.730061
0.731024
0.740954
0.810119
1.140686
2.215165
4.511134
7.455947
8.989151
0.730267
0.730225
0.730144
0.730071
0.730027
0.730008
0.730002
0.730000
0.730000
0.730000
0.730000
0.730007
0.730146
0.731979
0.748826
0.858104
1.355875
2.918474
6.167715
10.231135
12.244498
0.731852
0.731611
0.731070
0.730548
0.730219
0.730069
0.730017
0.730003
0.730001
0.730000
0.730001
0.730012
0.730199
0.732480
0.752611
0.880026
1.450937
3.221985
6.870656
11.394250
13.596475
0.740686
0.739555
0.736509
0.733415
0.731392
0.730444
0.730111
0.730022
0.730003
0.730000
0.730001
0.730007
0.730146
0.731979
0.748826
0.858104
1.355875
2.918474
6.167715
10.231135
12.244498
0.781096
0.776581
0.762201
0.747039
0.736944
0.732182
0.730525
0.730094
0.730011
0.730003
0.730001
0.730005
0.730061
0.731024
0.740954
0.810119
1.140686
2.215165
4.511134
7.455947
8.989151
0.931932
0.916091
0.859053
0.797802
0.757020
0.738105
0.731783
0.730268
0.730094
0.730022
0.730004
0.730003
0.730037
0.730360
0.734559
0.767195
0.935419
1.513327
2.803071
4.524730
5.489122
1.388801
1.338499
1.148487
0.944895
0.811931
0.752727
0.734359
0.731783
0.730525
0.730111
0.730017
0.730003
0.730016
0.730172
0.731406
0.743089
0.809389
1.054108
1.632194
2.444812
2.941357
2.504750
2.359723
1.829447
1.273714
0.924353
0.778468
0.752727
0.738105
0.732182
0.730444
0.730069
0.730009
0.730006
0.730058
0.730516
0.733587
0.754134
0.836521
1.044499
1.354898
1.562883
4.684380
4.314043
3.078742
1.834160
1.093669
0.924353
0.811931
0.757020
0.736944
0.731392
0.730219
0.730027
0.730004
0.730015
0.730134
0.730997
0.735895
0.758233
0.818802
0.915195
0.985934
8.039295
7.229012
4.833703
2.544459
1.834160
1.273714
0.944895
0.797802
0.747039
0.733415
0.730548
0.730071
0.730008
0.730003
0.730026
0.730197
0.731223
0.736140
0.750575
0.775080
0.794660
11.985220
10.502204
6.638848
4.833703
3.078742
1.829447
1.148487
0.859053
0.762201
0.736509
0.731070
0.730144
0.730016
0.730002
0.730004
0.730028
0.730180
0.730935
0.733968
0.739114
0.743550
15.244874
12.999572
10.502204
7.229012
4.314043
2.359723
1.338499
0.916091
0.776581
0.739555
0.731611
0.730225
0.730026
0.730003
0.730001
0.730003
0.730019
0.730100
0.730435
0.731549
0.732378
16.504969
15.244874
11.985220
8.039295
4.684380
2.504750
1.388801
0.931932
0.781096
0.740686
0.731852
0.730267
0.730032
0.730003
0.730000
0.730000
0.730001
0.730008
0.730033
0.730119
0.730353
